3 0.65703125 0.11388888888888889 0.0609375 0.0962962962962963
3 0.57109375 0.8032407407407407 0.07135416666666666 0.09537037037037037
3 0.3765625 0.9365740740740741 0.06770833333333333 0.08425925925925926
3 0.04765625 0.8666666666666667 0.07447916666666667 0.12407407407407407
3 0.49973958333333335 0.3189814814814815 0.05364583333333333 0.06944444444444445
3 0.1265625 0.750462962962963 0.07395833333333333 0.11018518518518519
3 0.17734375 0.6842592592592592 0.03697916666666667 0.06666666666666667
3 0.8234375 0.032407407407407406 0.052083333333333336 0.06296296296296296
3 0.07786458333333333 0.22407407407407406 0.05677083333333333 0.07777777777777778
3 0.27708333333333335 0.4 0.06458333333333334 0.07962962962962963
3 0.8989583333333333 0.2023148148148148 0.06354166666666666 0.09907407407407408
3 0.7489583333333333 0.11898148148148148 0.05520833333333333 0.08425925925925926
3 0.9341145833333333 0.5648148148148148 0.07135416666666666 0.10740740740740741
3 0.490625 0.10833333333333334 0.071875 0.08888888888888889
3 0.6432291666666666 0.39444444444444443 0.05 0.07222222222222222
3 0.26171875 0.11296296296296296 0.05364583333333333 0.07592592592592592
3 0.51484375 0.7129629629629629 0.04635416666666667 0.06666666666666667