3 0.215625 0.19907407407407407 0.07916666666666666 0.10740740740740741
6 0.178125 0.7129629629629629 0.11458333333333333 0.14629629629629629
6 0.5104166666666666 0.27870370370370373 0.075 0.14814814814814814
6 0.6260416666666667 0.1287037037037037 0.025 0.07777777777777778
3 0.7307291666666667 0.5481481481481482 0.096875 0.19074074074074074
1 0.209375 0.0699074074074074 0.1328125 0.13240740740740742
1 0.17265625 0.4976851851851852 0.18802083333333333 0.30185185185185187
0 0.29375 0.5703703703703704 0.058854166666666666 0.10740740740740741
1 0.5234375 0.17731481481481481 0.14322916666666666 0.2222222222222222
1 0.59765625 0.0962962962962963 0.0828125 0.14166666666666666
1 0.78046875 0.40185185185185185 0.17083333333333334 0.2712962962962963
0 0.9546875 0.24675925925925926 0.0609375 0.10833333333333334
1 0.9890625 0.18518518518518517 0.021875 0.14074074074074075
0 0.5919270833333333 0.9555555555555556 0.07135416666666666 0.08888888888888889