5 0.13203125 0.40657894736842104 0.190625 0.2736842105263158
5 0.20703125 0.1763157894736842 0.153125 0.17894736842105263
5 0.4359375 0.4381578947368421 0.1921875 0.3131578947368421
5 0.79375 0.37105263157894736 0.203125 0.2894736842105263
3 0.9421875 0.4026315789473684 0.103125 0.18421052631578946
5 0.5203125 0.21842105263157896 0.1171875 0.17894736842105263
5 0.29765625 0.3684210526315789 0.1390625 0.20789473684210527
5 0.6671875 0.29473684210526313 0.10625 0.16842105263157894
1 0.5875 0.41578947368421054 0.134375 0.19210526315789472
5 0.93671875 0.1986842105263158 0.1265625 0.1394736842105263
3 0.8046875 0.475 0.16875 0.15526315789473685
3 0.4390625 0.5263157894736842 0.1484375 0.16052631578947368
3 0.1125 0.5394736842105263 0.1265625 0.1763157894736842
3 0.28046875 0.5184210526315789 0.1078125 0.22631578947368422
3 0.66328125 0.3881578947368421 0.0953125 0.13421052631578947
6 0.20625 0.2723684210526316 0.1390625 0.12631578947368421
6 0.5171875 0.28157894736842104 0.10625 0.07368421052631578
3 0.2734375 0.11447368421052631 0.115625 0.11315789473684211
5 0.28515625 0.034210526315789476 0.115625 0.06842105263157895