3 0.31197916666666664 0.4046296296296296 0.115625 0.1962962962962963
6 0.4296875 0.17777777777777778 0.06354166666666666 0.09444444444444444
2 0.5833333333333334 0.31203703703703706 0.10208333333333333 0.18518518518518517
3 0.73125 0.2657407407407407 0.09375 0.17407407407407408
2 0.8385416666666666 0.6027777777777777 0.13333333333333333 0.21851851851851853
3 0.043229166666666666 0.7768518518518519 0.08645833333333333 0.2
1 0.45234375 0.11388888888888889 0.1046875 0.1388888888888889
1 0.309375 0.25555555555555554 0.14583333333333334 0.16944444444444445
1 0.0359375 0.7180555555555556 0.071875 0.2675925925925926
1 0.57421875 0.17222222222222222 0.1296875 0.2
1 0.7283854166666667 0.16620370370370371 0.10885416666666667 0.17037037037037037
1 0.8453125 0.4356481481481482 0.140625 0.2824074074074074
0 0.43854166666666666 0.8111111111111111 0.084375 0.1814814814814815
0 0.22734375 0.9587962962962963 0.07552083333333333 0.0824074074074074
0 0.5067708333333333 0.9078703703703703 0.06770833333333333 0.1527777777777778
1 0.012760416666666666 0.1574074074074074 0.025520833333333333 0.14629629629629629