2 0.15833333333333333 0.27685185185185185 0.08541666666666667 0.14814814814814814
2 0.28229166666666666 0.38796296296296295 0.09791666666666667 0.17777777777777778
3 0.5776041666666667 0.15 0.10104166666666667 0.17592592592592593
3 0.7197916666666667 0.4148148148148148 0.16666666666666666 0.22037037037037038
2 0.91484375 0.3376574074074074 0.1015625 0.12284259259259259
3 0.9856770833333334 0.2601851851851852 0.027604166666666666 0.1259259259259259
2 0.017708333333333333 0.6564814814814814 0.035416666666666666 0.1814814814814815
4 0.0328125 0.5856481481481481 0.0578125 0.18796296296296297
1 0.16640625 0.17083333333333334 0.09895833333333333 0.14814814814814814
1 0.28229166666666666 0.2851851851851852 0.11875 0.15462962962962962
1 0.5919270833333333 0.07731481481481481 0.14791666666666667 0.14629629629629629
1 0.9846354166666667 0.20277777777777778 0.030729166666666665 0.12037037037037036
1 0.9192708333333334 0.21080555555555555 0.10833333333333334 0.12252777777777779
1 0.76015625 0.32546296296296295 0.15833333333333333 0.2351851851851852
4 0.9690104166666667 0.7162037037037037 0.06197916666666667 0.14351851851851852
0 0.4588541666666667 0.6736111111111112 0.05520833333333333 0.13518518518518519
0 0.35208333333333336 0.6833333333333333 0.06770833333333333 0.1361111111111111
0 0.28567708333333336 0.7319444444444444 0.09114583333333333 0.15925925925925927
0 0.1703125 0.8009259259259259 0.0859375 0.16111111111111112