0 0.2796875 0.73515625 0.071875 0.1046875
0 0.35859375 0.70390625 0.0515625 0.1140625
0 0.46015625 0.675 0.05 0.103125
3 0.565625 0.17421875 0.0703125 0.096875
6 0.2796875 0.4125 0.0703125 0.06875
6 0.16484375 0.28828125 0.0359375 0.0578125
3 0.67578125 0.4515625 0.04375 0.115625
6 0.89609375 0.3359375 0.0546875 0.103125
1 0.5890625 0.04765625 0.1125 0.09375
1 0.746875 0.28125 0.1109375 0.159375
1 0.91875 0.2140625 0.0703125 0.1125
1 0.2828125 0.275 0.1015625 0.071875
1 0.14921875 0.16328125 0.0640625 0.1