3 0.5276041666666667 0.11851851851851852 0.10729166666666666 0.1648148148148148
3 0.5645833333333333 0.5546296296296296 0.14791666666666667 0.22592592592592592
6 0.0359375 0.5805555555555556 0.06770833333333333 0.25925925925925924
6 0.2375 0.3685185185185185 0.07291666666666667 0.12037037037037036
6 0.17135416666666667 0.2759259259259259 0.06145833333333333 0.13518518518518519
6 0.9427083333333334 0.3490740740740741 0.08958333333333333 0.1814814814814815
1 0.022135416666666668 0.44074074074074077 0.044270833333333336 0.21296296296296297
1 0.17604166666666668 0.17824074074074073 0.1046875 0.15092592592592594
1 0.24557291666666667 0.2662037037037037 0.1046875 0.13518518518518519
4 0.3296875 0.6324074074074074 0.11666666666666667 0.17222222222222222
0 0.24739583333333334 0.6277777777777778 0.08697916666666666 0.1361111111111111
1 0.5328125 0.0412037037037037 0.13125 0.0824074074074074
1 0.6213541666666667 0.44537037037037036 0.22760416666666666 0.3490740740740741
1 0.9455729166666667 0.27037037037037037 0.10885416666666667 0.18703703703703703