3 0.12473958333333333 0.22037037037037038 0.0796875 0.13148148148148148
3 0.5018229166666667 0.07407407407407407 0.0734375 0.13703703703703704
2 0.59140625 0.2412037037037037 0.08541666666666667 0.15833333333333333
2 0.66953125 0.7319444444444444 0.12552083333333333 0.20833333333333334
3 0.8703125 0.43287037037037035 0.08958333333333333 0.11944444444444445
3 0.4669270833333333 0.5916666666666667 0.128125 0.14629629629629629
1 0.14583333333333334 0.09166666666666666 0.12395833333333334 0.18333333333333332
1 0.5013020833333334 0.026851851851851852 0.08177083333333333 0.053703703703703705
1 0.5921875 0.11990740740740741 0.10104166666666667 0.15092592592592594
1 0.8768229166666667 0.34305555555555556 0.10989583333333333 0.18333333333333332
1 0.67890625 0.538425925925926 0.1796875 0.24166666666666667
1 0.47265625 0.412962962962963 0.16614583333333333 0.262037037037037
0 0.12682291666666667 0.5115740740740741 0.11041666666666666 0.1638888888888889
4 0.446875 0.2537037037037037 0.07708333333333334 0.08518518518518518
4 0.6158854166666666 0.9560185185185185 0.07447916666666667 0.07685185185185185
0 0.13932291666666666 0.8236111111111111 0.06197916666666667 0.09537037037037037
0 0.6203125 0.7625 0.04479166666666667 0.12222222222222222
0 0.8809895833333333 0.5287037037037037 0.06145833333333333 0.08888888888888889
4 0.5536458333333333 0.04212962962962963 0.04375 0.07685185185185185