5 0.10078125 0.30526315789473685 0.0671875 0.07894736842105263
5 0.465625 0.3605263157894737 0.1296875 0.15789473684210525
5 0.7453125 0.35657894736842105 0.1015625 0.16842105263157894
5 0.959375 0.24605263157894736 0.08125 0.21578947368421053
3 0.91875 0.5486842105263158 0.1625 0.27631578947368424
3 0.75078125 0.41973684210526313 0.1140625 0.11315789473684211
3 0.471875 0.45789473684210524 0.15 0.1631578947368421
3 0.1078125 0.3526315789473684 0.0765625 0.05526315789473684
4 0.09453125 0.43157894736842106 0.053125 0.09473684210526316
4 0.28515625 0.4868421052631579 0.0796875 0.15263157894736842
4 0.67265625 0.7947368421052632 0.059375 0.14210526315789473
4 0.725 0.6263157894736842 0.1703125 0.25526315789473686