6 0.16458333333333333 0.300462962962963 0.0703125 0.12314814814814815
6 0.3609375 0.36898148148148147 0.08125 0.12037037037037036
6 0.91796875 0.30092592592592593 0.04895833333333333 0.10462962962962963
3 0.7106770833333333 0.5208333333333334 0.0859375 0.15648148148148147
3 0.6067708333333334 0.0912037037037037 0.07135416666666666 0.13703703703703704
1 0.16145833333333334 0.18425925925925926 0.0921875 0.13796296296296295
1 0.3541666666666667 0.25833333333333336 0.13072916666666667 0.15092592592592594
1 0.6192708333333333 0.030555555555555555 0.11979166666666667 0.06111111111111111
1 0.93515625 0.24814814814814815 0.08802083333333334 0.16666666666666666
1 0.9716145833333333 0.19490740740740742 0.05677083333333333 0.1361111111111111
1 0.7768229166666667 0.3972222222222222 0.17395833333333333 0.29259259259259257
0 0.62421875 0.38935185185185184 0.0875 0.14074074074074075
4 0.12734375 0.6277777777777778 0.065625 0.19814814814814816
4 0.16536458333333334 0.8162037037037037 0.0796875 0.13055555555555556
0 0.5625 0.4375 0.0859375 0.15092592592592594
0 0.34713541666666664 0.6814814814814815 0.1234375 0.13240740740740742
0 0.4388020833333333 0.6856481481481481 0.08802083333333334 0.17777777777777778
0 0.5799479166666667 0.8842592592592593 0.10677083333333333 0.11851851851851852
4 0.97421875 0.7342592592592593 0.0515625 0.1037037037037037