2 0.5002604166666667 0.19645370370370369 0.070140625 0.1660462962962963
2 0.6265625 0.15956481481481483 0.053125 0.13024999999999998
3 0.9598958333333333 0.24027777777777778 0.0421875 0.10277777777777777
1 0.965625 0.15925925925925927 0.06875 0.15185185185185185
0 0.9309895833333334 0.7796296296296297 0.07916666666666666 0.14351851851851852
1 0.2671875 0.3037037037037037 0.21041666666666667 0.34629629629629627
1 0.49375 0.0875 0.13229166666666667 0.14814814814814814
1 0.6372395833333333 0.09398148148148149 0.1 0.1111111111111111
1 0.7127604166666667 0.5199074074074074 0.2125 0.35833333333333334
0 0.6520833333333333 0.3263888888888889 0.0703125 0.09537037037037037
0 0.47239583333333335 0.5263888888888889 0.06875 0.18055555555555555
0 0.40182291666666664 0.5106481481481482 0.10104166666666667 0.21666666666666667
4 0.5078125 0.9416666666666667 0.13645833333333332 0.11666666666666667
1 0.06484375 0.5625 0.08333333333333333 0.1787037037037037