2 0.17916666666666667 0.2803981481481481 0.06822916666666666 0.14228703703703702
2 0.31084895833333337 0.4053981481481481 0.09461979166666666 0.15525
3 0.62421875 0.12361111111111112 0.0671875 0.11388888888888889
3 0.7140625 0.5041666666666667 0.08697916666666666 0.14351851851851852
2 0.9112864583333333 0.32037037037037036 0.06840104166666668 0.1537037037037037
1 0.18385416666666668 0.1814814814814815 0.103125 0.14444444444444443
1 0.32109375 0.2986111111111111 0.1203125 0.1814814814814815
1 0.6432291666666666 0.05324074074074074 0.11875 0.10462962962962963
1 0.9325520833333333 0.22916666666666666 0.10052083333333334 0.16018518518518518
1 0.7848958333333333 0.3787037037037037 0.16927083333333334 0.26851851851851855
1 0.98984375 0.16944444444444445 0.0203125 0.10925925925925926
3 0.9872395833333333 0.2652777777777778 0.025520833333333333 0.10277777777777777
4 0.97421875 0.7467592592592592 0.0515625 0.11574074074074074
4 0.023697916666666666 0.49722222222222223 0.04635416666666667 0.10925925925925926
4 0.041666666666666664 0.637962962962963 0.075 0.1814814814814815
0 0.175 0.8101851851851852 0.08125 0.13055555555555556
0 0.2864583333333333 0.6731481481481482 0.0578125 0.11666666666666667
0 0.3333333333333333 0.7245370370370371 0.1234375 0.15648148148148147
0 0.4171875 0.29814814814814816 0.09010416666666667 0.08796296296296297
0 0.6 0.8861111111111111 0.08072916666666667 0.10925925925925926