2 0.029859375 0.419287037037037 0.057640625 0.1487685185185185
3 0.25 0.27747222222222223 0.1 0.1401203703703704
3 0.5822916666666667 0.16296296296296298 0.046875 0.06481481481481481
3 0.7424479166666667 0.675 0.0796875 0.1287037037037037
2 0.9721354166666667 0.6705277777777777 0.05572916666666667 0.16697222222222224
1 0.036458333333333336 0.29814814814814816 0.071875 0.19907407407407407
1 0.24348958333333334 0.10324074074074074 0.15260416666666668 0.19814814814814816
1 0.5859375 0.08935185185185185 0.09479166666666666 0.11481481481481481
1 0.64375 0.3625 0.15052083333333333 0.2351851851851852
1 0.7796875 0.5074074074074074 0.165625 0.2574074074074074
1 0.84921875 0.47962962962962963 0.0796875 0.2222222222222222
1 0.97421875 0.5171296296296296 0.0515625 0.18796296296296297
0 0.59609375 0.962037037037037 0.11145833333333334 0.07592592592592592
0 0.20416666666666666 0.9037037037037037 0.08125 0.13333333333333333
0 0.40963541666666664 0.6805555555555556 0.04010416666666667 0.17962962962962964
4 0.44427083333333334 0.4949074074074074 0.046875 0.13055555555555556