3 0.18151041666666667 0.32407407407407407 0.0484375 0.0824074074074074
3 0.978125 0.2935185185185185 0.040625 0.08611111111111111
2 0.5561614583333333 0.12423148148148147 0.04878645833333333 0.10400925925925926
2 0.42204687500000004 0.24953703703703703 0.07881770833333333 0.18333333333333332
1 0.103125 0.3662037037037037 0.1046875 0.17407407407407408
1 0.18020833333333333 0.2574074074074074 0.08489583333333334 0.12407407407407407
1 0.40911458333333334 0.1361111111111111 0.13645833333333332 0.15648148148148147
1 0.5692708333333333 0.0699074074074074 0.08177083333333333 0.10740740740740741
1 0.7169270833333333 0.3087962962962963 0.1546875 0.2759259259259259
1 0.9734375 0.20601851851851852 0.053125 0.13240740740740742
0 0.934375 0.9398148148148148 0.06197916666666667 0.11851851851851852
0 0.4622395833333333 0.663425925925926 0.1109375 0.11481481481481481
0 0.5119791666666667 0.6092592592592593 0.06458333333333334 0.16111111111111112
0 0.5361979166666667 0.26481481481481484 0.050520833333333334 0.13796296296296295
0 0.5815104166666667 0.2861111111111111 0.057291666666666664 0.11944444444444445
3 0.40520833333333334 0.03287037037037037 0.06302083333333333 0.06574074074074074