3 0.1671875 0.3773148148148148 0.04635416666666667 0.0787037037037037
3 0.9778645833333334 0.3388888888888889 0.03958333333333333 0.08055555555555556
6 0.5557291666666667 0.11851851851851852 0.04635416666666667 0.08611111111111111
6 0.41875 0.20324074074074075 0.075 0.1425925925925926
1 0.054947916666666666 0.4847222222222222 0.08802083333333334 0.12222222222222222
1 0.15260416666666668 0.30787037037037035 0.10260416666666666 0.1259259259259259
1 0.4041666666666667 0.11574074074074074 0.13697916666666668 0.1675925925925926
1 0.61328125 0.34814814814814815 0.2046875 0.24351851851851852
1 0.5744791666666667 0.06435185185185185 0.078125 0.10185185185185185
1 0.97421875 0.2263888888888889 0.0515625 0.10648148148148148
4 0.9846354166666667 0.775 0.030729166666666665 0.12222222222222222
0 0.44921875 0.662962962962963 0.08125 0.08333333333333333
0 0.5033854166666667 0.5990740740740741 0.06822916666666666 0.0787037037037037