6 0.075 0.31574074074074077 0.06666666666666667 0.08888888888888889
3 0.35989583333333336 0.3421296296296296 0.06927083333333334 0.1425925925925926
3 0.4583333333333333 0.09027777777777778 0.059895833333333336 0.11481481481481481
6 0.7799479166666666 0.2574074074074074 0.0609375 0.13055555555555556
1 0.017708333333333333 0.17314814814814813 0.035416666666666666 0.11574074074074074
1 0.057291666666666664 0.2564814814814815 0.0921875 0.1962962962962963
1 0.3184895833333333 0.23842592592592593 0.1390625 0.22777777777777777
1 0.47604166666666664 0.04212962962962963 0.11458333333333333 0.08425925925925926
1 0.7692708333333333 0.15694444444444444 0.13072916666666667 0.1638888888888889
1 0.6143229166666667 0.04027777777777778 0.05416666666666667 0.08055555555555556
1 0.9776041666666667 0.5615740740740741 0.04479166666666667 0.31851851851851853
0 0.6169270833333333 0.8337962962962963 0.08333333333333333 0.16574074074074074
0 0.79140625 0.7523148148148148 0.0609375 0.15092592592592594
0 0.47942708333333334 0.39166666666666666 0.07916666666666666 0.1638888888888889
0 0.41796875 0.3962962962962963 0.04635416666666667 0.1425925925925926
0 0.43802083333333336 0.8625 0.07604166666666666 0.16111111111111112
4 0.12213541666666666 0.9398148148148148 0.08333333333333333 0.11851851851851852