2 0.16441145833333334 0.30015740740740743 0.06735937500000001 0.1336388888888889
2 0.35572916666666665 0.3831759259259259 0.07916666666666666 0.15432407407407406
2 0.907203125 0.3263888888888889 0.062671875 0.1388888888888889
3 0.7104166666666667 0.5074074074074074 0.0890625 0.15648148148148147
3 0.61875 0.12129629629629629 0.06822916666666666 0.1175925925925926
1 0.15963541666666667 0.18935185185185185 0.0890625 0.1361111111111111
1 0.36223958333333334 0.26944444444444443 0.12604166666666666 0.16574074074074074
1 0.6419270833333334 0.05324074074074074 0.1265625 0.09166666666666666
1 0.9825520833333333 0.2 0.034895833333333334 0.08518518518518518
1 0.9328125 0.23472222222222222 0.09739583333333333 0.1527777777777778
1 0.7700520833333333 0.3800925925925926 0.17135416666666667 0.29444444444444445
4 0.9684895833333333 0.7337962962962963 0.05364583333333333 0.11388888888888889
0 0.6010416666666667 0.875 0.0625 0.12407407407407407
0 0.49505208333333334 0.26157407407407407 0.07552083333333333 0.15648148148148147
0 0.6471354166666666 0.5208333333333334 0.0671875 0.11944444444444445
0 0.42135416666666664 0.6689814814814815 0.1 0.1935185185185185
0 0.36666666666666664 0.6875 0.10729166666666666 0.11944444444444445
0 0.17161458333333332 0.812962962962963 0.08125 0.17407407407407408
4 0.10572916666666667 0.8268518518518518 0.06458333333333334 0.14629629629629629
2 0.023177083333333334 0.6739166666666667 0.04635416666666667 0.22160185185185186