3 0.037760416666666664 0.22962962962962963 0.04635416666666667 0.0962962962962963
2 0.3723958333333333 0.15416666666666667 0.052083333333333336 0.13055555555555556
2 0.48854166666666665 0.20586111111111113 0.06822916666666666 0.16543518518518519
2 0.3046875 0.4117314814814815 0.09270833333333334 0.19289814814814815
1 0.030729166666666665 0.15092592592592594 0.06145833333333333 0.13333333333333333
1 0.7473958333333334 0.3384259259259259 0.1953125 0.31666666666666665
1 0.28411458333333334 0.2712962962962963 0.15052083333333333 0.23148148148148148
1 0.3703125 0.09166666666666666 0.08645833333333333 0.11296296296296296
1 0.50078125 0.09583333333333334 0.1078125 0.18425925925925926
0 0.653125 0.5342592592592592 0.05520833333333333 0.15925925925925927
0 0.6151041666666667 0.4148148148148148 0.0875 0.22962962962962963
0 0.5333333333333333 0.5282407407407408 0.065625 0.1712962962962963
4 0.08151041666666667 0.7708333333333334 0.07135416666666666 0.12685185185185185
4 0.09010416666666667 0.5199074074074074 0.04739583333333333 0.08055555555555556
4 0.39609375 0.6800925925925926 0.071875 0.12314814814814815
4 0.4265625 0.8972222222222223 0.14739583333333334 0.20555555555555555