2 0.16258854166666667 0.2814814814814815 0.06788020833333334 0.15
2 0.27708333333333335 0.3925925925925926 0.084375 0.15462962962962962
3 0.5541666666666667 0.15138888888888888 0.07083333333333333 0.1175925925925926
3 0.6888020833333334 0.41759259259259257 0.07447916666666667 0.15185185185185185
2 0.9151041666666667 0.3125 0.06041666666666667 0.1574074074074074
2 0.017796875 0.6574074074074074 0.034546875 0.2388888888888889
1 0.9325520833333333 0.23055555555555557 0.09322916666666667 0.1574074074074074
1 0.98984375 0.1824074074074074 0.0203125 0.09259259259259259
1 0.1625 0.175 0.10208333333333333 0.13148148148148148
1 0.28828125 0.28703703703703703 0.12760416666666666 0.1712962962962963
1 0.5716145833333334 0.060648148148148145 0.1140625 0.11388888888888889
1 0.7455729166666667 0.29953703703703705 0.15989583333333332 0.26944444444444443
4 0.0546875 0.7486111111111111 0.07708333333333334 0.16203703703703703
4 0.9716145833333333 0.7356481481481482 0.05677083333333333 0.09351851851851851
0 0.17291666666666666 0.7976851851851852 0.08333333333333333 0.13055555555555556
0 0.28125 0.7337962962962963 0.09583333333333334 0.13796296296296295
0 0.38229166666666664 0.7083333333333334 0.1109375 0.16111111111111112
0 0.45416666666666666 0.6666666666666666 0.0875 0.19537037037037036
0 0.5901041666666667 0.8925925925925926 0.040625 0.1712962962962963