3 0.4515625 0.15925925925925927 0.07395833333333333 0.15
3 0.7098958333333333 0.3435185185185185 0.065625 0.12962962962962962
6 0.6536458333333334 0.6722222222222223 0.08229166666666667 0.24259259259259258
2 0.26979166666666665 0.3574074074074074 0.1125 0.16111111111111112
1 0.44973958333333336 0.07592592592592592 0.103125 0.0962962962962963
1 0.2677083333333333 0.20462962962962963 0.13177083333333334 0.18425925925925926
1 0.7408854166666666 0.30185185185185187 0.1296875 0.16296296296296298
1 0.7510416666666667 0.7092592592592593 0.18125 0.3731481481481482
0 0.6559895833333333 0.34814814814814815 0.06770833333333333 0.15648148148148147
0 0.5606770833333333 0.8592592592592593 0.09895833333333333 0.11851851851851852
0 0.5638020833333334 0.9462962962962963 0.10208333333333333 0.10740740740740741
0 0.5453125 0.6435185185185185 0.058333333333333334 0.13055555555555556
4 0.12109375 0.6296296296296297 0.057291666666666664 0.12129629629629629
4 0.42421875 0.7638888888888888 0.08020833333333334 0.16111111111111112