2 0.09921875 0.32437962962962963 0.058854166666666666 0.14691666666666667
2 0.64765625 0.3680555555555556 0.06822916666666666 0.15092592592592594
2 0.8276041666666667 0.29768518518518516 0.058854166666666666 0.16018518518518518
3 0.4053802083333334 0.12237962962962962 0.08211979166666666 0.13086111111111112
3 0.2796875 0.5324074074074074 0.08697916666666666 0.1638888888888889
1 0.023958333333333335 0.18935185185185185 0.04791666666666667 0.14814814814814814
1 0.09166666666666666 0.2222222222222222 0.090625 0.14814814814814814
1 0.22161458333333334 0.40555555555555556 0.1640625 0.28425925925925927
1 0.39114583333333336 0.05092592592592592 0.128125 0.1
1 0.64453125 0.2740740740740741 0.12135416666666667 0.15648148148148147
1 0.8299479166666667 0.18611111111111112 0.09947916666666666 0.17222222222222222
2 0.9828125 0.7412037037037037 0.034375 0.22685185185185186
0 0.8330729166666667 0.8087962962962963 0.08385416666666666 0.16574074074074074
0 0.5825520833333333 0.7032407407407407 0.0875 0.15092592592592594
0 0.6950520833333333 0.7703703703703704 0.06614583333333333 0.18055555555555555
0 0.45677083333333335 0.43425925925925923 0.09635416666666667 0.09537037037037037
0 0.38203125 0.3819444444444444 0.1 0.175
0 0.40182291666666664 0.8796296296296297 0.0765625 0.1398148148148148
4 0.030729166666666665 0.7268518518518519 0.059895833333333336 0.12407407407407407
4 0.8401041666666667 0.9601851851851851 0.08854166666666667 0.07962962962962963