3 0.373828125 0.3729166666666667 0.05078125 0.09583333333333334
6 0.405078125 0.21597222222222223 0.02578125 0.0625
3 0.934765625 0.5270833333333333 0.03828125 0.10416666666666667
4 0.25859375 0.79375 0.078125 0.10833333333333334
4 0.869921875 0.4652777777777778 0.03515625 0.12361111111111112
4 0.41484375 0.5916666666666667 0.03828125 0.10833333333333334
5 0.342578125 0.3375 0.09375 0.15416666666666667
5 0.427734375 0.24444444444444444 0.0609375 0.20277777777777778
5 0.38359375 0.13958333333333334 0.03828125 0.08333333333333333
5 0.19296875 0.17777777777777778 0.021875 0.09861111111111111
5 0.926953125 0.5027777777777778 0.075 0.17083333333333334