2 0.09010416666666667 0.31604629629629627 0.057291666666666664 0.17562037037037037
3 0.3424479166666667 0.4615740740740741 0.0859375 0.14537037037037037
3 0.432640625 0.15833333333333333 0.08350520833333334 0.13148148148148148
2 0.7145833333333333 0.3768518518518518 0.07135416666666666 0.14907407407407408
2 0.8378489583333334 0.2719166666666667 0.06441145833333334 0.1660462962962963
1 0.01328125 0.1814814814814815 0.025520833333333333 0.10740740740740741
3 0.016927083333333332 0.2800925925925926 0.033854166666666664 0.13240740740740742
1 0.07213541666666666 0.2337962962962963 0.08072916666666667 0.16296296296296298
4 0.03229166666666667 0.7421296296296296 0.05625 0.1175925925925926
1 0.2869791666666667 0.3439814814814815 0.16302083333333334 0.2722222222222222
1 0.41510416666666666 0.06296296296296296 0.13125 0.1175925925925926
1 0.8471354166666667 0.16805555555555557 0.09583333333333334 0.15462962962962962
1 0.7208333333333333 0.28194444444444444 0.10729166666666666 0.14907407407407408
2 0.98359375 0.6662037037037037 0.0328125 0.16296296296296298
4 0.9716145833333333 0.5907407407407408 0.05677083333333333 0.16111111111111112
0 0.8309895833333333 0.8101851851851852 0.07447916666666667 0.15555555555555556
0 0.7151041666666667 0.7310185185185185 0.08177083333333333 0.1574074074074074
0 0.6421875 0.6967592592592593 0.075 0.1638888888888889
0 0.5447916666666667 0.6759259259259259 0.057291666666666664 0.17685185185185184
0 0.39401041666666664 0.8726851851851852 0.0578125 0.16944444444444445