2 0.19886979166666666 0.255712962962963 0.05538020833333333 0.15678703703703706
2 0.26979166666666665 0.38981481481481484 0.058854166666666666 0.14629629629629629
3 0.56171875 0.15 0.07239583333333334 0.13703703703703704
3 0.6717031250000001 0.545675925925926 0.08472395833333332 0.2237685185185185
2 0.023177083333333334 0.6722222222222223 0.04635416666666667 0.18333333333333332
4 0.10807291666666667 0.8064814814814815 0.09010416666666667 0.16666666666666666
0 0.1703125 0.8078703703703703 0.071875 0.15092592592592594
1 0.21692708333333333 0.17824074074074073 0.0921875 0.11388888888888889
1 0.28229166666666666 0.2935185185185185 0.1125 0.15925925925925927
0 0.27708333333333335 0.7550925925925925 0.0875 0.125
0 0.3533854166666667 0.6967592592592593 0.08072916666666667 0.1638888888888889
0 0.459375 0.6638888888888889 0.0703125 0.15925925925925927
1 0.5763020833333333 0.07175925925925926 0.1375 0.14166666666666666
1 0.9533854166666667 0.2513888888888889 0.09322916666666667 0.13055555555555556
2 0.9390625 0.3648148148148148 0.10625 0.13518518518518519
0 0.5614583333333333 0.7421296296296296 0.14583333333333334 0.2916666666666667
1 0.74453125 0.425 0.17552083333333332 0.32407407407407407