2 0.44869791666666664 0.08564814814814815 0.043229166666666666 0.11203703703703703
2 0.5690104166666666 0.0660462962962963 0.0609375 0.10987962962962963
2 0.5780364583333333 0.5098796296296296 0.09618229166666666 0.14752777777777779
3 0.725 0.3087962962962963 0.0625 0.09259259259259259
3 0.9127604166666666 0.6055555555555555 0.0765625 0.14166666666666666
1 0.9473958333333333 0.46296296296296297 0.10520833333333333 0.24444444444444444
1 0.7294270833333333 0.24537037037037038 0.10364583333333334 0.14351851851851852
1 0.5744791666666667 0.32731481481481484 0.17604166666666668 0.25092592592592594
1 0.4395833333333333 0.04722222222222222 0.06979166666666667 0.09444444444444444
1 0.5559895833333334 0.021296296296296296 0.08697916666666666 0.04259259259259259
1 0.023177083333333334 0.1476851851851852 0.04635416666666667 0.14537037037037037
4 0.07447916666666667 0.6967592592592593 0.06458333333333334 0.12685185185185185
0 0.6231770833333333 0.6375 0.050520833333333334 0.125
0 0.71796875 0.9347222222222222 0.08072916666666667 0.12037037037037036
0 0.8252604166666667 0.9712962962962963 0.1109375 0.05740740740740741
0 0.42994791666666665 0.24305555555555555 0.04583333333333333 0.14444444444444443
0 0.47291666666666665 0.21203703703703702 0.04583333333333333 0.13148148148148148
4 0.5205729166666667 0.1361111111111111 0.04739583333333333 0.06666666666666667