2 0.44869791666666664 0.08564814814814815 0.04375 0.1111111111111111
2 0.5672760416666667 0.06450925925925927 0.057463541666666666 0.10678703703703704
2 0.5754322916666667 0.5175925925925926 0.103125 0.16296296296296298
3 0.725 0.3087962962962963 0.0625 0.09259259259259259
3 0.9127604166666666 0.6055555555555555 0.0765625 0.14166666666666666
1 0.9473958333333333 0.4625 0.10520833333333333 0.24444444444444444
1 0.7294270833333333 0.24537037037037038 0.10364583333333334 0.14351851851851852
1 0.5744791666666667 0.32731481481481484 0.17552083333333332 0.2518518518518518
1 0.4395833333333333 0.04722222222222222 0.06979166666666667 0.09444444444444444
1 0.55625 0.02175925925925926 0.08697916666666666 0.04351851851851852
1 0.023177083333333334 0.1476851851851852 0.04635416666666667 0.14537037037037037
4 0.07447916666666667 0.6967592592592593 0.06458333333333334 0.1259259259259259
0 0.6231770833333333 0.6375 0.050520833333333334 0.125
0 0.71796875 0.9347222222222222 0.08072916666666667 0.12037037037037036
0 0.8252604166666667 0.9712962962962963 0.11145833333333334 0.05740740740740741
0 0.42994791666666665 0.24305555555555555 0.04583333333333333 0.14444444444444443
0 0.47291666666666665 0.21203703703703702 0.0453125 0.13240740740740742
4 0.5205729166666667 0.1361111111111111 0.04739583333333333 0.06574074074074074