0 0.7454545454545455 0.5081967213114754 0.06545454545454546 0.07650273224043716
0 0.9036363636363637 0.5136612021857924 0.03636363636363636 0.06557377049180328
3 0.7927272727272727 0.20218579234972678 0.12 0.1366120218579235
5 0.7927272727272727 0.06830601092896176 0.15636363636363637 0.11475409836065574
5 0.22727272727272727 0.22131147540983606 0.08363636363636363 0.1092896174863388
5 0.3927272727272727 0.34972677595628415 0.13818181818181818 0.14754098360655737
5 0.025454545454545455 0.41530054644808745 0.04 0.1366120218579235
6 0.38545454545454544 0.5437158469945356 0.12363636363636364 0.1366120218579235
6 0.04363636363636364 0.4344262295081967 0.06181818181818182 0.07650273224043716
4 0.33636363636363636 0.8934426229508197 0.09818181818181818 0.14754098360655737
4 0.4690909090909091 0.907103825136612 0.13454545454545455 0.14754098360655737