3 0.49609375 0.23828125 0.0609375 0.1015625
3 0.271875 0.253125 0.084375 0.1
3 0.0453125 0.2765625 0.090625 0.115625
3 0.734375 0.303125 0.084375 0.121875
3 0.3703125 0.31640625 0.103125 0.1296875
3 0.871875 0.3390625 0.084375 0.11875
3 0.18125 0.34140625 0.078125 0.1171875
3 0.62265625 0.35859375 0.0765625 0.0921875
3 0.25 0.5125 0.103125 0.13125
3 0.425 0.56015625 0.084375 0.1234375
3 0.6296875 0.56875 0.1 0.14375
4 0.8609375 0.61640625 0.0875 0.1015625
4 0.82578125 0.79375 0.0578125 0.121875
4 0.2046875 0.95625 0.08125 0.084375