3 0.4984375 0.23984375 0.065625 0.0984375
3 0.271875 0.2625 0.078125 0.10625
3 0.046875 0.27421875 0.09375 0.1109375
3 0.73359375 0.31171875 0.0828125 0.1015625
3 0.3703125 0.32265625 0.10625 0.1453125
3 0.87109375 0.33984375 0.0859375 0.1140625
3 0.1828125 0.3359375 0.090625 0.13125
3 0.6203125 0.35625 0.071875 0.096875
3 0.246875 0.509375 0.096875 0.1375
3 0.425 0.559375 0.084375 0.125
3 0.6296875 0.57109375 0.103125 0.1359375
5 0.87265625 0.246875 0.0921875 0.05625
5 0.73046875 0.2328125 0.0984375 0.053125
5 0.62265625 0.28046875 0.0953125 0.0453125
5 0.4296875 0.45390625 0.1 0.0671875
5 0.37421875 0.21015625 0.0984375 0.0703125
5 0.2734375 0.17265625 0.090625 0.0703125
5 0.1796875 0.26171875 0.09375 0.0796875
5 0.05625 0.17578125 0.1125 0.0765625