4 0.4225852272727273 0.6567982456140351 0.04403409090909091 0.05043859649122807
1 0.42045454545454547 0.5964912280701754 0.07386363636363637 0.07894736842105263
1 0.7322443181818182 0.5263157894736842 0.046875 0.07894736842105263
1 0.9048295454545454 0.4517543859649123 0.036931818181818184 0.05921052631578947
1 0.8856534090909091 0.6151315789473685 0.05823863636363636 0.09868421052631579
0 0.4289772727272727 0.8695175438596491 0.048295454545454544 0.07017543859649122
0 0.3615056818181818 0.8421052631578947 0.036931818181818184 0.05482456140350877
0 0.6882102272727273 0.756578947368421 0.02556818181818182 0.08114035087719298
0 0.7698863636363636 0.7708333333333334 0.028409090909090908 0.07675438596491228
0 0.8998579545454546 0.7785087719298246 0.03551136363636364 0.03728070175438596
3 0.8899147727272727 0.6600877192982456 0.048295454545454544 0.04824561403508772
3 0.6725852272727273 0.4923245614035088 0.032670454545454544 0.041666666666666664
5 0.6683238636363636 0.4473684210526316 0.046875 0.05263157894736842
4 0.6526988636363636 0.7138157894736842 0.03977272727272727 0.07894736842105263