3 0.21032670454545455 0.6038157894736842 0.025085227272727273 0.03651315789473684
3 0.4416477272727273 0.6460307017543859 0.03313920454545454 0.04375
3 0.3762215909090909 0.653201754385965 0.03384943181818181 0.05013157894736842
3 0.6459943181818182 0.5295614035087719 0.02849431818181818 0.04550438596491228
0 0.4230965909090909 0.9475657894736842 0.018877840909090907 0.06510964912280702
3 0.33423295454545454 0.3137938596491228 0.01484375 0.023991228070175438
0 0.6088920454545454 0.578201754385965 0.024232954545454544 0.0368421052631579
0 0.4799857954545455 0.9016008771929824 0.018934659090909092 0.05644736842105263
3 0.6005823863636364 0.9128947368421052 0.025 0.04324561403508772
3 0.2359659090909091 0.45870614035087715 0.020298295454545454 0.030855263157894736
0 0.30811079545454545 0.8412938596491228 0.025809659090909095 0.037478070175438596
0 0.24524147727272727 0.8164035087719298 0.017769886363636363 0.05032894736842105
3 0.38265625 0.8552631578947368 0.025071022727272727 0.05160087719298246