3 0.13578125 0.7294298245614035 0.03090909090909091 0.04515350877192983
3 0.24063920454545454 0.6365350877192982 0.026732954545454546 0.039999999999999994
3 0.31710227272727276 0.5139912280701754 0.02757102272727273 0.04256578947368421
3 0.3338068181818182 0.6468640350877194 0.03927556818181818 0.052894736842105265
3 0.33296875 0.8081140350877193 0.03258522727272727 0.060635964912280696
3 0.6784801136363636 0.45594298245614034 0.018380681818181817 0.039999999999999994
0 0.31710227272727276 0.9506578947368421 0.02924715909090909 0.05675438596491228
0 0.21139204545454546 0.8674561403508771 0.036761363636363634 0.04515350877192983
0 0.22142045454545453 0.8139254385964911 0.02339488636363636 0.041271929824561404
0 0.27448863636363635 0.8145614035087719 0.020894886363636365 0.047719298245614036
0 0.18089488636363635 0.9817763157894737 0.03759943181818182 0.03644736842105263
0 0.675965909090909 0.555921052631579 0.02171875 0.030964912280701754
0 0.6876704545454545 0.5778508771929824 0.018380681818181817 0.041271929824561404