0 0.7419176136363635 0.38313596491228075 0.013366477272727273 0.03611842105263158
0 0.70515625 0.6159649122807017 0.033423295454545456 0.06320175438596491
3 0.17261363636363636 0.6667763157894737 0.023821022727272725 0.03916666666666666
0 0.2771022727272727 0.7131359649122807 0.021335227272727273 0.02662280701754386
3 0.21973011363636363 0.560109649122807 0.022116477272727274 0.03331140350877193
3 0.5239204545454546 0.488859649122807 0.023863636363636365 0.03401315789473684
3 0.6879829545454546 0.5525657894736842 0.025170454545454544 0.036622807017543856
0 0.5776420454545454 0.5849780701754386 0.02727272727272727 0.031995614035087716
0 0.5214914772727273 0.6102412280701754 0.030269886363636363 0.03554824561403509
0 0.6533238636363636 0.37842105263157894 0.01112215909090909 0.014824561403508772
0 0.21838068181818182 0.7670394736842104 0.025269886363636362 0.04331140350877193
3 0.34765625 0.653201754385965 0.031619318181818186 0.046469298245614035