3 0.5802556818181818 0.5043859649122807 0.048295454545454544 0.06140350877192982
1 0.578125 0.46381578947368424 0.06676136363636363 0.07894736842105263
0 0.5596590909090909 0.6743421052631579 0.026988636363636364 0.05043859649122807
0 0.8231534090909091 0.47039473684210525 0.026988636363636364 0.03508771929824561
5 0.828125 0.4309210526315789 0.03977272727272727 0.05921052631578947
1 0.7123579545454546 0.6754385964912281 0.03551136363636364 0.08552631578947369
1 0.7585227272727273 0.7247807017543859 0.07670454545454546 0.1074561403508772
3 0.7649147727272727 0.7872807017543859 0.046875 0.05701754385964912
1 0.5007102272727273 0.8585526315789473 0.04971590909090909 0.1162280701754386
4 0.8188920454545454 0.6107456140350878 0.018465909090909092 0.043859649122807015
4 0.7961647727272727 0.581140350877193 0.015625 0.03728070175438596