3 0.34130859375 0.6701617324561403 0.0262603759765625 0.0411548279879386
3 0.44970703125 0.48848684210526316 0.0247039794921875 0.030389083059210526
3 0.744140625 0.3501576206140351 0.0129241943359375 0.02541846559758772
3 0.6552734375 0.32886170504385964 0.0141143798828125 0.017632735402960526
0 0.316162109375 0.8744517543859649 0.01983642578125 0.05234460663377193
3 0.305908203125 0.32999246162280704 0.01332855224609375 0.022909599438048246
3 0.89208984375 0.7368763706140351 0.0268096923828125 0.04593698601973684
0 0.324951171875 0.9219435307017544 0.03155517578125 0.06473581414473684
0 0.53564453125 0.38087650767543857 0.0139007568359375 0.021378366570723683
0 0.431396484375 0.6731770833333334 0.0141143798828125 0.05356959292763158
0 0.65283203125 0.40330317982456143 0.015777587890625 0.023274739583333332
0 0.6708984375 0.40141858552631576 0.01306915283203125 0.01846902412280702
3 0.1566162109375 0.5178865131578947 0.01363372802734375 0.03260348135964912
3 0.3544921875 0.8028371710526315 0.03289794921875 0.05385228207236842