6 0.02421875 0.2564814814814815 0.046875 0.10185185185185185
6 0.278125 0.30092592592592593 0.08125 0.14907407407407408
6 0.35208333333333336 0.17731481481481481 0.058333333333333334 0.09907407407407408
6 0.4986979166666667 0.20092592592592592 0.07760416666666667 0.13796296296296295
1 0.025 0.17083333333333334 0.05 0.1361111111111111
4 0.06041666666666667 0.2175925925925926 0.05416666666666667 0.11296296296296296
1 0.26614583333333336 0.19907407407407407 0.128125 0.2111111111111111
1 0.36223958333333334 0.10601851851851851 0.09114583333333333 0.13055555555555556
1 0.5109375 0.10092592592592593 0.11770833333333333 0.1574074074074074
0 0.5231770833333333 0.5907407407407408 0.08385416666666666 0.16111111111111112
0 0.403125 0.6648148148148149 0.06927083333333334 0.07407407407407407
4 0.43020833333333336 0.8634259259259259 0.1265625 0.18425925925925926
4 0.3888020833333333 0.7208333333333333 0.0609375 0.10648148148148148
1 0.853125 0.33564814814814814 0.10416666666666667 0.11944444444444445
1 0.9630208333333333 0.37916666666666665 0.07395833333333333 0.22592592592592592