3 0.02890625 0.24722222222222223 0.04114583333333333 0.08703703703703704
6 0.49114583333333334 0.1763888888888889 0.07552083333333333 0.13796296296296295
1 0.024739583333333332 0.16296296296296298 0.0484375 0.14444444444444443
1 0.309375 0.35138888888888886 0.1875 0.2935185185185185
1 0.4942708333333333 0.0824074074074074 0.12291666666666666 0.1648148148148148
6 0.36276041666666664 0.5560185185185185 0.0921875 0.1527777777777778
1 0.73671875 0.30787037037037035 0.2046875 0.29907407407407405
1 0.8690104166666667 0.3449074074074074 0.08385416666666666 0.175
4 0.5122395833333333 0.6708333333333333 0.1171875 0.12962962962962962
4 0.43645833333333334 0.9046296296296297 0.10833333333333334 0.19074074074074074
4 0.08411458333333334 0.7620370370370371 0.0734375 0.11481481481481481
4 0.09427083333333333 0.5287037037037037 0.0484375 0.07962962962962963
0 0.534375 0.537962962962963 0.07083333333333333 0.14814814814814814
0 0.6346354166666667 0.6166666666666667 0.1015625 0.07685185185185185