6 0.16223958333333333 0.3087962962962963 0.07239583333333334 0.13425925925925927
6 0.37109375 0.3731481481481482 0.07760416666666667 0.13055555555555556
6 0.9234375 0.31157407407407406 0.06822916666666666 0.10925925925925926
3 0.71015625 0.5231481481481481 0.09010416666666667 0.17407407407407408
3 0.6119791666666666 0.09212962962962963 0.07864583333333333 0.1287037037037037
1 0.1578125 0.1865740740740741 0.0921875 0.1425925925925926
1 0.3489583333333333 0.2625 0.13385416666666666 0.14629629629629629
1 0.77265625 0.3921296296296296 0.1515625 0.2824074074074074
1 0.9359375 0.23703703703703705 0.10989583333333333 0.16944444444444445
4 0.13958333333333334 0.6671296296296296 0.0734375 0.1527777777777778
0 0.17317708333333334 0.8236111111111111 0.078125 0.14444444444444443
0 0.36484375 0.6606481481481481 0.09270833333333334 0.11574074074074074
0 0.41510416666666666 0.6759259259259259 0.103125 0.17685185185185184
0 0.6440104166666667 0.37453703703703706 0.0921875 0.18611111111111112
0 0.5796875 0.4425925925925926 0.075 0.14907407407407408
0 0.6005208333333333 0.8902777777777777 0.08177083333333333 0.10555555555555556
4 0.97265625 0.7203703703703703 0.04791666666666667 0.1361111111111111
1 0.6286458333333333 0.030555555555555555 0.125 0.06111111111111111