6 0.44088541666666664 0.10648148148148148 0.05520833333333333 0.0962962962962963
6 0.5783854166666667 0.27546296296296297 0.09270833333333334 0.14351851851851852
4 0.053125 0.8111111111111111 0.049479166666666664 0.13240740740740742
4 0.30755208333333334 0.9680555555555556 0.09322916666666667 0.06388888888888888
0 0.023177083333333334 0.7657407407407407 0.04635416666666667 0.1111111111111111
6 0.17057291666666666 0.7402777777777778 0.125 0.10185185185185185
3 0.7856770833333333 0.31851851851851853 0.05625 0.10462962962962963
1 0.8791666666666667 0.3 0.09375 0.20277777777777778
1 0.7942708333333334 0.23472222222222222 0.0875 0.12777777777777777
1 0.5786458333333333 0.15833333333333333 0.14895833333333333 0.19074074074074074
1 0.43515625 0.07314814814814814 0.084375 0.10092592592592593
1 0.14375 0.5435185185185185 0.19270833333333334 0.32592592592592595
0 0.42109375 0.2671296296296296 0.05625 0.11296296296296296
0 0.4861979166666667 0.2462962962962963 0.09270833333333334 0.10092592592592593
0 0.5145833333333333 0.6351851851851852 0.059375 0.1388888888888889
0 0.5776041666666667 0.6351851851851852 0.10208333333333333 0.1388888888888889