6 0.6125 0.49166666666666664 0.05546875 0.07222222222222222
6 0.56171875 0.11875 0.0296875 0.05138888888888889
6 0.625390625 0.29305555555555557 0.03671875 0.06388888888888888
6 0.676171875 0.1909722222222222 0.02109375 0.06666666666666667
3 0.23671875 0.14166666666666666 0.025 0.044444444444444446
3 0.380859375 0.1125 0.02421875 0.03888888888888889
5 0.56171875 0.10555555555555556 0.04765625 0.10416666666666667
5 0.601953125 0.2763888888888889 0.04609375 0.1736111111111111
5 0.612109375 0.40625 0.08203125 0.12083333333333333
5 0.676953125 0.13055555555555556 0.03984375 0.0763888888888889
4 0.531640625 0.7152777777777778 0.03671875 0.08472222222222223
4 0.646875 0.6638888888888889 0.02734375 0.08055555555555556