6 0.5078125 0.19722222222222222 0.09166666666666666 0.14166666666666666
6 0.646875 0.18472222222222223 0.053125 0.07962962962962963
6 0.9736979166666667 0.2537037037037037 0.041666666666666664 0.14166666666666666
6 0.7028645833333333 0.29814814814814816 0.06927083333333334 0.12129629629629629
1 0.9786458333333333 0.18009259259259258 0.042708333333333334 0.1425925925925926
1 0.02734375 0.4064814814814815 0.0546875 0.23703703703703705
1 0.13958333333333334 0.35555555555555557 0.10104166666666667 0.14166666666666666
1 0.49921875 0.08842592592592592 0.115625 0.14444444444444443
1 0.6447916666666667 0.10138888888888889 0.08333333333333333 0.11481481481481481
1 0.74140625 0.20601851851851852 0.1515625 0.1935185185185185
4 0.9427083333333334 0.25787037037037036 0.04739583333333333 0.11851851851851852
0 0.46927083333333336 0.575462962962963 0.06927083333333334 0.1425925925925926
0 0.6015625 0.6356481481481482 0.049479166666666664 0.10833333333333334
4 0.61875 0.7055555555555556 0.06614583333333333 0.10092592592592593
4 0.5924479166666666 0.8050925925925926 0.1421875 0.14907407407407408