3 0.03333333333333333 0.2388888888888889 0.04791666666666667 0.07962962962962963
6 0.3765625 0.15 0.053125 0.10925925925925926
6 0.484375 0.18796296296296297 0.06875 0.12222222222222222
6 0.8239583333333333 0.3212962962962963 0.04375 0.05925925925925926
1 0.032552083333333336 0.1648148148148148 0.06510416666666667 0.1361111111111111
1 0.3697916666666667 0.08935185185185185 0.07864583333333333 0.10185185185185185
1 0.48203125 0.10138888888888889 0.115625 0.1638888888888889
1 0.8200520833333333 0.2625 0.0796875 0.11018518518518519
1 0.9388020833333334 0.5481481481481482 0.07447916666666667 0.1814814814814815
1 0.69765625 0.2013888888888889 0.16510416666666666 0.2898148148148148
1 0.3848958333333333 0.5703703703703704 0.23072916666666668 0.3425925925925926
0 0.34453125 0.3314814814814815 0.059375 0.13703703703703704
0 0.61171875 0.40185185185185185 0.0453125 0.09814814814814815
4 0.08984375 0.5148148148148148 0.0359375 0.08333333333333333
4 0.07864583333333333 0.774074074074074 0.06145833333333333 0.12037037037037036