3 0.413 0.9445244956772334 0.034 0.040345821325648415
3 0.24625 0.9560518731988472 0.0335 0.03890489913544669
3 0.5475 0.877521613832853 0.033 0.040345821325648415
3 0.752 0.920749279538905 0.044 0.0446685878962536
3 0.48425 0.3706772334293948 0.0215 0.02521613832853026
3 0.6995 0.5579971181556196 0.03 0.03386167146974063
3 0.472 0.5929394812680115 0.029 0.03170028818443804
3 0.40925 0.7154178674351584 0.0295 0.037463976945244955
3 0.29 0.5688040345821326 0.026 0.029538904899135448
3 0.3265 0.7824207492795389 0.035 0.037463976945244955
3 0.01625 0.48523054755043227 0.0235 0.028097982708933718
3 0.94825 0.6174351585014409 0.0275 0.03890489913544669
3 0.376 0.6314841498559077 0.026 0.026657060518731988
3 0.7165 0.46829971181556196 0.025 0.025936599423631124
3 0.94175 0.7910662824207493 0.0275 0.03314121037463977
3 0.36725 0.29755043227665706 0.0225 0.024495677233429394
3 0.53725 0.38328530259365995 0.0215 0.027377521613832854
3 0.9245 0.32636887608069165 0.02 0.023054755043227664
3 0.262 0.6177953890489913 0.027 0.032420749279538905
3 0.3965 0.20893371757925072 0.019 0.021613832853025938
3 0.731 0.4092219020172911 0.022 0.025936599423631124
3 0.07125 0.46793948126801155 0.0225 0.02377521613832853
3 0.59525 0.5259365994236311 0.0275 0.02881844380403458
3 0.1315 0.4773054755043228 0.024 0.02521613832853026
3 0.906 0.9830691642651297 0.043 0.032420749279538905
3 0.26225 0.40597982708933716 0.0225 0.026657060518731988
3 0.39125 0.07384726224783862 0.0165 0.02089337175792507
3 0.4525 0.3314121037463977 0.019 0.025936599423631124
3 0.84925 0.2878242074927954 0.0185 0.02089337175792507
3 0.8695 0.1707492795389049 0.017 0.020172910662824207
3 0.646 0.8342939481268011 0.034 0.03602305475504323
3 0.90775 0.8115994236311239 0.0335 0.03386167146974063
3 0.38 0.7046109510086456 0.025 0.03170028818443804
3 0.53925 0.10842939481268012 0.0165 0.02089337175792507
3 0.82675 0.17255043227665706 0.0175 0.018011527377521614
3 0.7735 0.24315561959654178 0.023 0.0223342939481268
3 0.454 0.5515129682997119 0.025 0.02521613832853026
3 0.66925 0.3915706051873199 0.0215 0.028097982708933718
3 0.49675 0.14301152737752162 0.0165 0.02089337175792507
3 0.495 0.4589337175792507 0.019 0.024495677233429394
3 0.35825 0.46469740634005763 0.0235 0.025936599423631124
3 0.5565 0.3519452449567723 0.019 0.0223342939481268
3 0.5725 0.06520172910662825 0.016 0.019452449567723344
3 0.81825 0.30979827089337175 0.0205 0.024495677233429394
3 0.4295 0.10987031700288184 0.018 0.02377521613832853
3 0.0865 0.20389048991354466 0.015 0.021613832853025938
3 0.9145 0.4387608069164265 0.023 0.024495677233429394
3 0.882 0.37824207492795386 0.022 0.023054755043227664
3 0.5055 0.24279538904899137 0.018 0.018731988472622477
3 0.34275 0.37139769452449567 0.0215 0.02521613832853026
3 0.26375 0.1494956772334294 0.0165 0.02089337175792507
3 0.943335 0.5397478386167147 0.031665 0.032420749279538905
3 0.605 0.401657060518732 0.028335000000000003 0.027615273775216137
3 0.637085 0.30559798270893374 0.020835 0.027615273775216137
3 0.5620850000000001 0.3079971181556196 0.020835 0.03002161383285303
3 0.6254149999999999 0.19452449567723343 0.0275 0.021613832853025938
3 0.714585 0.208335734870317 0.025835 0.02041066282420749
3 0.731665 0.11347262247838617 0.023335 0.02521613832853026
3 0.602085 0.7630907780979828 0.039165 0.034819884726224784
3 0.466665 0.8009149855907781 0.021665 0.02881844380403458
3 0.129165 0.38244236311239194 0.021665 0.03722622478386167
3 0.85625 0.23054755043227665 0.024165 0.024012968299711814
3 0.897085 0.07744956772334294 0.0175 0.02281700288184438
3 0.642085 0.09486311239193082 0.019164999999999998 0.019214697406340058