3 0.5263671875 0.7840409956076134 0.046875 0.05124450951683748
3 0.09765625 0.7357247437774525 0.044921875 0.05710102489019034
3 0.45703125 0.6339677891654466 0.03515625 0.040995607613469986
3 0.50244140625 0.7086383601756955 0.0400390625 0.043923865300146414
3 0.32080078125 0.7035139092240117 0.0361328125 0.0424597364568082
3 0.2587890625 0.7576866764275256 0.0390625 0.03953147877013177
3 0.59814453125 0.5849194729136163 0.0361328125 0.0424597364568082
3 0.35791015625 0.5885797950219619 0.0400390625 0.03806734992679356
3 0.546875 0.5995607613469985 0.029296875 0.03367496339677892
3 0.4111328125 0.6830161054172768 0.0390625 0.04538799414348463
3 0.61669921875 0.4912152269399707 0.0244140625 0.03074670571010249
3 0.173828125 0.7049780380673499 0.01953125 0.03074670571010249
3 0.56689453125 0.4868228404099561 0.0244140625 0.03367496339677892