3 0.16723749999999998 0.3640056285178236 0.07475625 0.09427767354596622
3 0.25889375000000003 0.30509380863039404 0.0580625 0.09528142589118198
3 0.37414375 0.38225140712945593 0.0802375 0.09950281425891182
3 0.48871250000000005 0.40153846153846157 0.08436249999999999 0.08178236397748594
3 0.590425 0.425 0.08363125 0.10995309568480299
3 0.6595125000000001 0.30873358348968105 0.0926375 0.07130393996247655
3 0.79455625 0.3050844277673546 0.10022500000000001 0.05773921200750469
1 0.13321249999999998 0.2722607879924953 0.1317 0.17345215759849908
1 0.254725 0.23107879924953098 0.0913875 0.1848968105065666
1 0.36720624999999996 0.2816416510318949 0.08301875 0.16720450281425892
1 0.4546875 0.2774765478424015 0.057993750000000004 0.19639774859287057
1 0.5571 0.3082270168855535 0.0753125 0.15158536585365853
1 0.6504875 0.2352626641651032 0.1079125 0.25579737335834896
1 0.7938625 0.22118198874296435 0.13216250000000002 0.23389305816135086