0 0.73515625 0.28671875 0.0890625 0.0625
0 0.70546875 0.359375 0.1265625 0.0640625
0 0.6875 0.465625 0.115625 0.040625
1 0.17109375 0.1515625 0.1359375 0.078125
1 0.0453125 0.5734375 0.090625 0.103125
1 0.2828125 0.29296875 0.1125 0.0875
1 0.28515625 0.73203125 0.1671875 0.128125
1 0.20859375 0.93828125 0.10625 0.0796875
3 0.4421875 0.67578125 0.10625 0.059375
3 0.34375 0.90546875 0.0828125 0.0578125
6 0.39375 0.2875 0.06875 0.059375
3 0.1734375 0.57421875 0.090625 0.0796875
6 0.2875 0.15859375 0.0625 0.0484375