6 0.15677083333333333 0.262037037037037 0.06145833333333333 0.10740740740740741
6 0.284375 0.3851851851851852 0.08125 0.13148148148148148
3 0.5614583333333333 0.1648148148148148 0.07083333333333333 0.11666666666666667
3 0.6927083333333334 0.4222222222222222 0.07083333333333333 0.1425925925925926
6 0.9036458333333334 0.2861111111111111 0.046875 0.06666666666666667
6 0.016145833333333335 0.6222222222222222 0.03229166666666667 0.17222222222222222
1 0.16432291666666668 0.1787037037037037 0.0984375 0.13333333333333333
1 0.2877604166666667 0.2865740740740741 0.11302083333333333 0.15185185185185185
1 0.5924479166666666 0.06666666666666667 0.12135416666666667 0.13148148148148148
1 0.9315104166666667 0.23796296296296296 0.08385416666666666 0.18333333333333332
1 0.740625 0.3060185185185185 0.15364583333333334 0.24537037037037038
4 0.18020833333333333 0.8018518518518518 0.10572916666666667 0.15092592592592594
4 0.9731770833333333 0.7439814814814815 0.049479166666666664 0.12222222222222222
0 0.46848958333333335 0.6675925925925926 0.0609375 0.16018518518518518
0 0.5901041666666667 0.8935185185185185 0.05416666666666667 0.17407407407407408
0 0.2877604166666667 0.7189814814814814 0.0921875 0.1398148148148148
0 0.37552083333333336 0.7041666666666667 0.07604166666666666 0.1527777777777778