3 0.20703125 0.44765625 0.1140625 0.0796875
3 0.4359375 0.46875 0.121875 0.090625
3 0.859375 0.47265625 0.078125 0.0765625
3 0.60859375 0.48359375 0.1140625 0.0921875
3 0.76875 0.490625 0.1125 0.103125
3 0.10625 0.5359375 0.109375 0.075
5 0.8609375 0.4046875 0.078125 0.040625
5 0.765625 0.41640625 0.1125 0.0609375
5 0.61015625 0.421875 0.1171875 0.059375
5 0.44296875 0.39375 0.1203125 0.05625
5 0.21015625 0.384375 0.1171875 0.0625
5 0.10234375 0.4640625 0.1140625 0.071875
4 0.7015625 0.6640625 0.0625 0.096875
4 0.33125 0.74609375 0.075 0.0796875
4 0.51484375 0.64765625 0.0546875 0.1109375
4 0.0890625 0.6921875 0.053125 0.096875