3 0.83671875 0.28046875 0.0484375 0.0328125
3 0.77890625 0.2859375 0.0515625 0.040625
3 0.68125 0.34140625 0.05625 0.0421875
3 0.609375 0.36796875 0.0625 0.0421875
2 0.8875 0.37109375 0.04375 0.0578125
3 0.44921875 0.42109375 0.0734375 0.0578125
3 0.25234375 0.44375 0.0921875 0.06875
3 0.8296875 0.4390625 0.071875 0.140625
3 0.75390625 0.45390625 0.1140625 0.1484375
3 0.11484375 0.4953125 0.1296875 0.109375
3 0.43203125 0.06484375 0.0546875 0.0703125
3 0.32734375 0.590625 0.1421875 0.1125
3 0.6578125 0.58828125 0.1375 0.1046875
2 0.94765625 0.0984375 0.0546875 0.0875
6 0.58984375 0.14921875 0.0421875 0.0484375