3 0.83671875 0.2765625 0.0484375 0.040625
3 0.77890625 0.2859375 0.0515625 0.040625
3 0.68125 0.34296875 0.05625 0.0390625
3 0.609375 0.36796875 0.0625 0.0421875
2 0.8875 0.371875 0.04375 0.05625
3 0.44921875 0.425 0.0734375 0.05
3 0.24296875 0.44375 0.0921875 0.06875
3 0.8296875 0.4703125 0.071875 0.078125
3 0.75390625 0.49140625 0.1140625 0.0734375
3 0.09921875 0.49140625 0.1203125 0.0953125
3 0.440625 0.0609375 0.06875 0.059375
3 0.3421875 0.59296875 0.15 0.1140625
3 0.65078125 0.5875 0.1515625 0.10625
2 0.94765625 0.11875 0.0546875 0.046875
6 0.58984375 0.14921875 0.0421875 0.0484375