3 0.83671875 0.28203125 0.0484375 0.0296875
3 0.77890625 0.2875 0.0515625 0.0375
3 0.68125 0.34375 0.05625 0.0375
3 0.609375 0.3671875 0.0625 0.04375
2 0.8875 0.3765625 0.04375 0.046875
3 0.44921875 0.421875 0.0734375 0.05625
3 0.25234375 0.44921875 0.0890625 0.0578125
3 0.8296875 0.46875 0.071875 0.08125
3 0.75234375 0.49140625 0.1109375 0.0734375
3 0.109375 0.49140625 0.115625 0.1109375
3 0.4390625 0.06875 0.06875 0.0625
3 0.3375 0.5984375 0.140625 0.103125
3 0.6453125 0.5875 0.140625 0.10625
2 0.94765625 0.0984375 0.0546875 0.0875
6 0.58984375 0.14921875 0.0421875 0.0484375