3 0.834375 0.2765625 0.04375 0.040625
3 0.77890625 0.2875 0.0515625 0.0375
3 0.67890625 0.34375 0.0515625 0.0375
3 0.609375 0.365625 0.0625 0.05
2 0.8875 0.3734375 0.04375 0.053125
3 0.45390625 0.42109375 0.0703125 0.0671875
3 0.25078125 0.45 0.0921875 0.05625
3 0.82109375 0.47265625 0.0546875 0.0734375
3 0.74765625 0.49453125 0.1015625 0.0671875
3 0.1140625 0.48828125 0.128125 0.1078125
3 0.4390625 0.06796875 0.06875 0.0609375
3 0.3421875 0.596875 0.15 0.10625
3 0.65078125 0.58515625 0.1515625 0.1109375
2 0.94765625 0.0984375 0.0546875 0.0875
6 0.58984375 0.14921875 0.0421875 0.0484375