3 0.83671875 0.27890625 0.0484375 0.0359375
3 0.77890625 0.2875 0.0515625 0.0375
3 0.68203125 0.3421875 0.0578125 0.04375
3 0.61015625 0.36796875 0.0609375 0.0421875
2 0.88828125 0.37265625 0.0453125 0.0546875
3 0.44921875 0.4203125 0.0734375 0.0625
3 0.2515625 0.446875 0.09375 0.0625
3 0.8296875 0.46796875 0.071875 0.0828125
3 0.75390625 0.49375 0.1140625 0.06875
3 0.11015625 0.49140625 0.1265625 0.1046875
3 0.434375 0.0703125 0.059375 0.059375
3 0.3421875 0.59296875 0.15 0.1140625
3 0.65078125 0.58359375 0.1515625 0.1140625
2 0.94765625 0.0984375 0.0546875 0.0875
6 0.58984375 0.14921875 0.0421875 0.0484375