3 0.83671875 0.27890625 0.0484375 0.0359375
3 0.77890625 0.2859375 0.0515625 0.040625
3 0.67734375 0.34296875 0.0484375 0.0390625
3 0.609375 0.3703125 0.0625 0.040625
2 0.8875 0.378125 0.04375 0.04375
3 0.44921875 0.425 0.0734375 0.05
3 0.25546875 0.45 0.0828125 0.05625
3 0.82734375 0.46640625 0.0671875 0.0859375
3 0.75390625 0.4890625 0.1140625 0.078125
3 0.1109375 0.490625 0.11875 0.125
3 0.4390625 0.0703125 0.06875 0.059375
3 0.33984375 0.60234375 0.1453125 0.0953125
3 0.6484375 0.5890625 0.146875 0.103125
2 0.94765625 0.0984375 0.0546875 0.0875
6 0.58125 0.15625 0.025 0.034375