3 0.8137254901960784 0.1590909090909091 0.037037037037037035 0.0691699604743083
3 0.16339869281045752 0.6521739130434783 0.08061002178649238 0.11067193675889328
3 0.23529411764705882 0.15810276679841898 0.04139433551198257 0.05533596837944664
3 0.6530501089324618 0.2618577075098814 0.05337690631808279 0.0691699604743083
3 0.8518518518518519 0.045454545454545456 0.030501089324618737 0.043478260869565216
3 0.5724400871459695 0.4407114624505929 0.06209150326797386 0.08695652173913043
3 0.2679738562091503 0.11067193675889328 0.023965141612200435 0.05138339920948617
3 0.5561002178649237 0.08596837944664032 0.027233115468409588 0.041501976284584984
3 0.33986928104575165 0.5434782608695652 0.058823529411764705 0.07509881422924901
3 0.545751633986928 0.2766798418972332 0.05664488017429194 0.09090909090909091
3 0.41721132897603486 0.32707509881422925 0.054466230936819175 0.08102766798418973
3 0.900871459694989 0.0691699604743083 0.030501089324618737 0.03557312252964427
3 0.7875816993464052 0.04841897233201581 0.026143790849673203 0.041501976284584984
3 0.45751633986928103 0.05928853754940711 0.023965141612200435 0.03557312252964427