0 0.7509090909090909 0.7295081967213115 0.10181818181818182 0.1366120218579235
0 0.6345454545454545 0.7595628415300546 0.06909090909090909 0.10382513661202186
0 0.5818181818181818 0.7786885245901639 0.03272727272727273 0.06557377049180328
0 0.3418181818181818 0.6639344262295082 0.05818181818181818 0.08743169398907104
0 0.2636363636363636 0.6038251366120219 0.04363636363636364 0.08196721311475409
0 0.15272727272727274 0.6502732240437158 0.04 0.060109289617486336
0 0.07454545454545454 0.6038251366120219 0.06545454545454546 0.07103825136612021
3 0.6927272727272727 0.4016393442622951 0.09818181818181818 0.09289617486338798
3 0.5309090909090909 0.3907103825136612 0.08363636363636363 0.08743169398907104
3 0.3690909090909091 0.3633879781420765 0.09818181818181818 0.07650273224043716
3 0.18181818181818182 0.4371584699453552 0.06181818181818182 0.07103825136612021
1 0.6618181818181819 0.23770491803278687 0.16363636363636364 0.20218579234972678
1 0.5290909090909091 0.25136612021857924 0.10909090909090909 0.17486338797814208
1 0.36363636363636365 0.24316939890710382 0.08727272727272728 0.14754098360655737
1 0.18545454545454546 0.36065573770491804 0.08 0.1092896174863388