3 0.2982638888888889 0.08238636363636363 0.05763888888888889 0.06477272727272727
3 0.7496527777777777 0.2778409090909091 0.049305555555555554 0.06931818181818182
3 0.5704861111111111 0.8335227272727272 0.07430555555555556 0.07840909090909091
3 0.8211805555555556 0.20625 0.05347222222222222 0.05795454545454545
3 0.259375 0.2755681818181818 0.05347222222222222 0.060227272727272727
3 0.04548611111111111 0.8863636363636364 0.07430555555555556 0.1
3 0.6552083333333333 0.27443181818181817 0.06041666666666667 0.07840909090909091
3 0.4986111111111111 0.4409090909090909 0.05416666666666667 0.056818181818181816
3 0.375 0.94375 0.06805555555555555 0.0715909090909091
3 0.6402777777777777 0.5022727272727273 0.05 0.05909090909090909
3 0.12395833333333334 0.7926136363636364 0.07152777777777777 0.0875
3 0.1753472222222222 0.7357954545454546 0.03680555555555556 0.05113636363636364
3 0.075 0.36420454545454545 0.058333333333333334 0.0625
3 0.27569444444444446 0.5068181818181818 0.06527777777777778 0.06363636363636363
3 0.8222222222222222 0.09545454545454546 0.04722222222222222 0.04318181818181818
3 0.4892361111111111 0.2681818181818182 0.07291666666666667 0.07272727272727272
3 0.8965277777777778 0.3482954545454545 0.06111111111111111 0.07613636363636364
3 0.9322916666666666 0.6397727272727273 0.07152777777777777 0.08863636363636364
3 0.5125 0.7602272727272728 0.04861111111111111 0.05454545454545454
3 0.4965277777777778 0.15170454545454545 0.06527777777777778 0.048863636363636366
3 0.021180555555555557 0.32727272727272727 0.029861111111111113 0.04318181818181818