6 0.0734375 0.33611111111111114 0.036458333333333336 0.12222222222222222
6 0.3234375 0.4027777777777778 0.096875 0.15555555555555556
6 0.7390625 0.38055555555555554 0.071875 0.12962962962962962
6 0.8125 0.27870370370370373 0.05416666666666667 0.1037037037037037
3 0.42916666666666664 0.14444444444444443 0.08333333333333333 0.12407407407407407
1 0.04921875 0.287962962962963 0.0984375 0.2351851851851852
1 0.428125 0.0587962962962963 0.1328125 0.11018518518518519
1 0.7963541666666667 0.1912037037037037 0.09479166666666666 0.10833333333333334
1 0.7567708333333333 0.29398148148148145 0.09583333333333334 0.16574074074074074
6 0.98125 0.6782407407407407 0.0375 0.18796296296296297
0 0.44557291666666665 0.788425925925926 0.1328125 0.18611111111111112
0 0.7044270833333334 0.5560185185185185 0.1125 0.1037037037037037
0 0.7580729166666667 0.6986111111111111 0.08125 0.16018518518518518
0 0.834375 0.7967592592592593 0.06354166666666666 0.1287037037037037
4 0.8828125 0.8902777777777777 0.10520833333333333 0.19166666666666668
4 0.8309895833333333 0.9472222222222222 0.0671875 0.10277777777777777
0 0.40572916666666664 0.34305555555555556 0.08333333333333333 0.14351851851851852
0 0.5299479166666666 0.6351851851851852 0.03177083333333333 0.13240740740740742
1 0.29765625 0.28379629629629627 0.15989583333333332 0.2074074074074074