0 0.55078125 0.78984375 0.125 0.1875
0 0.29921875 0.55234375 0.096875 0.0765625
0 0.25234375 0.69765625 0.0828125 0.1125
1 0.71328125 0.2734375 0.1375 0.1796875
1 0.5796875 0.04765625 0.125 0.09375
1 0.20703125 0.17421875 0.09375 0.115625
1 0.24765625 0.2828125 0.096875 0.10625
1 0.94921875 0.271875 0.1015625 0.134375
3 0.66796875 0.48046875 0.075 0.084375
3 0.55859375 0.15 0.0796875 0.090625
6 0.26640625 0.4203125 0.05 0.08125
6 0.1859375 0.29609375 0.0375 0.065625
6 0.921875 0.35546875 0.034375 0.0671875