0 0.44921875 0.78984375 0.125 0.1875
0 0.70078125 0.55234375 0.096875 0.0765625
0 0.74765625 0.69765625 0.0828125 0.1125
1 0.28671875 0.2734375 0.1390625 0.1796875
1 0.4203125 0.04765625 0.1265625 0.09375
1 0.79296875 0.17421875 0.09375 0.115625
1 0.75234375 0.2828125 0.096875 0.10625
1 0.05078125 0.271875 0.1015625 0.134375
3 0.33203125 0.48046875 0.075 0.084375
3 0.44140625 0.15 0.0796875 0.090625
6 0.73359375 0.4203125 0.05 0.0828125
6 0.8140625 0.29609375 0.0359375 0.0671875
6 0.078125 0.35546875 0.0359375 0.0671875