6 0.331640625 0.14375 0.04296875 0.09305555555555556
3 0.473828125 0.12986111111111112 0.04453125 0.06805555555555555
3 0.634765625 0.24861111111111112 0.05546875 0.10833333333333334
3 0.212890625 0.27361111111111114 0.03359375 0.1
5 0.43671875 0.6506944444444445 0.2046875 0.4375
5 0.3421875 0.5138888888888888 0.10859375 0.3375
5 0.171875 0.29305555555555557 0.09296875 0.20555555555555555
5 0.3265625 0.09791666666666667 0.07734375 0.0763888888888889
5 0.4640625 0.08055555555555556 0.06484375 0.12638888888888888
5 0.658984375 0.20277777777777778 0.09140625 0.1486111111111111
4 0.457421875 0.25625 0.04453125 0.08194444444444444
4 0.49921875 0.2548611111111111 0.053125 0.09583333333333334
4 0.54765625 0.9368055555555556 0.06875 0.09305555555555556
4 0.369140625 0.27847222222222223 0.03984375 0.07083333333333333
4 0.24921875 0.50625 0.034375 0.08194444444444444
4 0.255859375 0.45694444444444443 0.03515625 0.07777777777777778