0 0.5654545454545454 0.6092896174863388 0.13090909090909092 0.17486338797814208
0 0.6381818181818182 0.8142076502732241 0.12363636363636364 0.19672131147540983
0 0.4618181818181818 0.7076502732240437 0.14909090909090908 0.16393442622950818
0 0.016363636363636365 0.33060109289617484 0.03272727272727273 0.09289617486338798
0 0.3290909090909091 0.546448087431694 0.12363636363636364 0.1092896174863388
3 0.7327272727272728 0.18032786885245902 0.14181818181818182 0.2459016393442623
3 0.5890909090909091 0.10109289617486339 0.10181818181818182 0.16393442622950818
3 0.4672727272727273 0.11748633879781421 0.12 0.1366120218579235
3 0.26545454545454544 0.10109289617486339 0.10181818181818182 0.15300546448087432
1 0.7272727272727273 0.03278688524590164 0.21454545454545454 0.06557377049180328
1 0.46 0.0273224043715847 0.16 0.0546448087431694
1 0.24 0.02459016393442623 0.18181818181818182 0.04918032786885246