3 0.044925 0.2675186104218362 0.036725 0.05119106699751861
3 0.12304999999999999 0.21635235732009925 0.030475 0.05119106699751861
3 0.153125 0.24503722084367247 0.025 0.043424317617866005
3 0.196875 0.3171464019851117 0.0390625 0.054292803970223326
3 0.4859375 0.3388585607940447 0.0640625 0.09769230769230769
3 0.636325 0.2869230769230769 0.041412500000000005 0.08684863523573201
3 0.6933625000000001 0.2621091811414392 0.0195375 0.043424317617866005
3 0.7371125000000001 0.3032009925558313 0.02735 0.048089330024813894
3 0.8476625 0.3528287841191067 0.04375 0.07598014888337469
3 0.9597625 0.46913151364764266 0.0445375 0.10081885856079405
3 0.5707 0.274516129032258 0.021099999999999997 0.04652605459057072