3 0.64765625 0.36736111111111114 0.05625 0.10416666666666667
3 0.620703125 0.17708333333333334 0.02578125 0.043055555555555555
6 0.408984375 0.05416666666666667 0.01484375 0.030555555555555555
5 0.647265625 0.3194444444444444 0.065625 0.08611111111111111
5 0.67109375 0.21944444444444444 0.05703125 0.11527777777777778
5 0.61796875 0.15416666666666667 0.040625 0.06111111111111111
5 0.47578125 0.0875 0.05625 0.1125
4 0.41015625 0.13680555555555557 0.01875 0.03333333333333333
4 0.5875 0.6020833333333333 0.03046875 0.06944444444444445
4 0.676171875 0.6965277777777777 0.0453125 0.11388888888888889
4 0.615625 0.2263888888888889 0.02421875 0.03888888888888889
3 0.65625 0.2388888888888889 0.0328125 0.04722222222222222
4 0.431640625 0.12430555555555556 0.015625 0.022222222222222223