6 0.4015625 0.05486111111111111 0.0171875 0.034722222222222224
3 0.23671875 0.5256944444444445 0.05859375 0.075
5 0.24375 0.43472222222222223 0.08046875 0.12916666666666668
4 0.354296875 0.8590277777777777 0.0515625 0.12638888888888888
5 0.4765625 0.08125 0.05234375 0.1111111111111111
5 0.66796875 0.22361111111111112 0.046875 0.1111111111111111
5 0.6078125 0.15069444444444444 0.0359375 0.05
3 0.61171875 0.19166666666666668 0.01953125 0.0375
3 0.655078125 0.25416666666666665 0.01875 0.05
3 0.4 0.06041666666666667 0.01796875 0.018055555555555554
4 0.411328125 0.12638888888888888 0.01484375 0.04027777777777778
4 0.621875 0.24444444444444444 0.01640625 0.018055555555555554
4 0.60234375 0.30277777777777776 0.01640625 0.02361111111111111