3 0.20104166666666667 0.38333333333333336 0.052083333333333336 0.07592592592592592
6 0.409375 0.2898148148148148 0.07708333333333334 0.1259259259259259
6 0.5536458333333333 0.1111111111111111 0.042708333333333334 0.08333333333333333
3 0.9755208333333333 0.287962962962963 0.042708333333333334 0.10740740740740741
1 0.10833333333333334 0.3421296296296296 0.10416666666666667 0.1824074074074074
1 0.20755208333333333 0.3037037037037037 0.0984375 0.16111111111111112
1 0.4005208333333333 0.17916666666666667 0.140625 0.18425925925925926
1 0.5682291666666667 0.06620370370370371 0.09010416666666667 0.09259259259259259
1 0.6622395833333333 0.37453703703703706 0.15677083333333333 0.30277777777777776
1 0.9690104166666667 0.19166666666666668 0.06197916666666667 0.11666666666666667
1 0.9828125 0.7805555555555556 0.034375 0.1037037037037037
0 0.5377604166666666 0.2763888888888889 0.04635416666666667 0.125
0 0.5744791666666667 0.24722222222222223 0.040625 0.08518518518518518
0 0.4283854166666667 0.6472222222222223 0.0921875 0.10740740740740741
0 0.4984375 0.6393518518518518 0.06510416666666667 0.18981481481481483
0 0.44479166666666664 0.09259259259259259 0.03802083333333333 0.07222222222222222