6 0.246484375 0.30972222222222223 0.05859375 0.09027777777777778
6 0.433203125 0.10902777777777778 0.05234375 0.05555555555555555
6 0.7046875 0.4270833333333333 0.0578125 0.08194444444444444
5 0.911328125 0.6131944444444445 0.12734375 0.2125
5 0.67890625 0.3597222222222222 0.09375 0.17916666666666667
5 0.437109375 0.05 0.07890625 0.09722222222222222
5 0.2265625 0.24305555555555555 0.0859375 0.15
4 0.22421875 0.6854166666666667 0.05078125 0.10138888888888889
4 0.326171875 0.5333333333333333 0.04453125 0.0763888888888889
4 0.438671875 0.27708333333333335 0.05703125 0.0625
4 0.7203125 0.6638888888888889 0.06484375 0.09305555555555556