0 0.20703125 0.4921875 0.103125 0.10625
0 0.30078125 0.53125 0.0875 0.04375
0 0.375 0.37109375 0.0796875 0.0640625
0 0.08125 0.51796875 0.1625 0.0921875
1 0.93671875 0.48828125 0.0890625 0.0796875
1 0.6859375 0.15546875 0.1875 0.1234375
1 0.73984375 0.7296875 0.103125 0.078125
1 0.41953125 0.6671875 0.28125 0.209375
3 0.83125 0.47421875 0.08125 0.059375
3 0.6296875 0.6953125 0.078125 0.0515625
3 0.5953125 0.296875 0.0015625 0.015625
6 0.27578125 0.60546875 0.08125 0.040625
4 0.4234375 0.28046875 0.1328125 0.1015625
4 0.21953125 0.0171875 0.0890625 0.034375