3 0.4744791666666667 0.1537037037037037 0.057291666666666664 0.10185185185185185
6 0.7020833333333333 0.3398148148148148 0.04583333333333333 0.08518518518518518
6 0.6041666666666666 0.6888888888888889 0.06666666666666667 0.12037037037037036
1 0.49114583333333334 0.07407407407407407 0.10625 0.10277777777777777
1 0.015885416666666666 0.19074074074074074 0.03177083333333333 0.11388888888888889
1 0.1578125 0.30185185185185187 0.16875 0.23703703703703705
1 0.7260416666666667 0.29398148148148145 0.1109375 0.20277777777777778
1 0.67578125 0.5888888888888889 0.22552083333333334 0.3175925925925926
6 0.19713541666666667 0.48055555555555557 0.0671875 0.15092592592592594
4 0.28463541666666664 0.5796296296296296 0.08177083333333333 0.17592592592592593
6 0.01640625 0.32685185185185184 0.0328125 0.10833333333333334
0 0.36614583333333334 0.6287037037037037 0.050520833333333334 0.1259259259259259
0 0.5299479166666666 0.687037037037037 0.065625 0.15
0 0.5028645833333333 0.7902777777777777 0.12239583333333333 0.11574074074074074
0 0.5151041666666667 0.9324074074074075 0.14375 0.13518518518518519
4 0.02578125 0.8018518518518518 0.0515625 0.1388888888888889