3 0.808984375 0.3111111111111111 0.04921875 0.08055555555555556
6 0.689453125 0.1736111111111111 0.03671875 0.08611111111111111
6 0.8765625 0.49930555555555556 0.05625 0.07361111111111111
6 0.529296875 0.10208333333333333 0.02421875 0.06805555555555555
5 0.576171875 0.17777777777777778 0.0640625 0.11388888888888889
5 0.7046875 0.15833333333333333 0.05234375 0.13055555555555556
5 0.5265625 0.04652777777777778 0.04609375 0.09027777777777778
5 0.814453125 0.24861111111111112 0.07734375 0.09444444444444444
5 0.915625 0.4027777777777778 0.10234375 0.11527777777777778
4 0.75078125 0.5236111111111111 0.05 0.12222222222222222
4 0.79140625 0.7770833333333333 0.04140625 0.08611111111111111
4 0.67734375 0.5291666666666667 0.034375 0.09583333333333334
4 0.62265625 0.49166666666666664 0.04375 0.059722222222222225