6 0.683984375 0.20625 0.03671875 0.08472222222222223
6 0.34921875 0.13125 0.025 0.0625
3 0.908203125 0.41388888888888886 0.0421875 0.09583333333333334
5 0.91953125 0.3333333333333333 0.075 0.14305555555555555
5 0.64609375 0.3625 0.084375 0.17222222222222222
5 0.71015625 0.15625 0.06875 0.12777777777777777
5 0.36328125 0.07361111111111111 0.0625 0.08888888888888889
5 0.441015625 0.14930555555555555 0.06484375 0.09722222222222222
6 0.41640625 0.2048611111111111 0.0375 0.05694444444444444
4 0.85078125 0.7166666666666667 0.05625 0.18194444444444444
4 0.803125 0.5701388888888889 0.05546875 0.10416666666666667