6 0.07421875 0.2298611111111111 0.03125 0.06527777777777778
3 0.396875 0.18958333333333333 0.046875 0.07361111111111111
3 0.62109375 0.32916666666666666 0.0546875 0.09166666666666666
3 0.50546875 0.5972222222222222 0.0609375 0.14722222222222223
5 0.454296875 0.4986111111111111 0.1453125 0.22777777777777777
5 0.626171875 0.2604166666666667 0.071875 0.10833333333333334
5 0.853515625 0.40694444444444444 0.08671875 0.21805555555555556
4 0.6328125 0.5402777777777777 0.0546875 0.08472222222222223
4 0.587109375 0.5173611111111112 0.0484375 0.10555555555555556
5 0.3875 0.12916666666666668 0.06796875 0.09583333333333334
4 0.39609375 0.2923611111111111 0.04453125 0.05555555555555555
5 0.2453125 0.24027777777777778 0.03984375 0.13333333333333333
5 0.080078125 0.25625 0.05546875 0.17222222222222222
6 0.11796875 0.11666666666666667 0.034375 0.043055555555555555
5 0.892578125 0.0375 0.02734375 0.075
4 0.9046875 0.20416666666666666 0.01796875 0.06111111111111111