3 0.8823809523809524 0.24196277495769883 0.04285714285714286 0.0676818950930626
3 0.16476190476190475 0.3316412859560068 0.049523809523809526 0.07106598984771574
3 0.940952380952381 0.2622673434856176 0.05333333333333334 0.07106598984771574
3 0.07809523809523809 0.2749576988155668 0.05714285714285714 0.08629441624365482
3 0.7609523809523809 0.2580372250423012 0.04380952380952381 0.06937394247038917
3 0.3461904761904762 0.3164128595600677 0.06380952380952382 0.077834179357022
3 0.44285714285714284 0.5262267343485617 0.07047619047619047 0.077834179357022
3 0.40285714285714286 0.2868020304568528 0.049523809523809526 0.06937394247038917
3 0.7119047619047619 0.38155668358714045 0.05619047619047619 0.07952622673434856
3 0.2957142857142857 0.233502538071066 0.035238095238095235 0.05414551607445008
3 0.6133333333333333 0.3197969543147208 0.0380952380952381 0.06091370558375635
3 0.4747619047619048 0.27918781725888325 0.035238095238095235 0.05414551607445008
3 0.5652380952380952 0.28341793570219964 0.05238095238095238 0.07614213197969544
3 0.5214285714285715 0.2766497461928934 0.037142857142857144 0.06598984771573604
3 0.36333333333333334 0.23096446700507614 0.03142857142857143 0.05922165820642978
3 0.6547619047619048 0.3553299492385787 0.037142857142857144 0.06429780033840947