3 0.367 0.47184065934065933 0.068 0.08653846153846154
3 0.052 0.385989010989011 0.056 0.06318681318681318
3 0.668 0.6785714285714286 0.116 0.1510989010989011
3 0.801 0.5858516483516484 0.128 0.14972527472527472
3 0.508 0.36881868131868134 0.058 0.06456043956043957
3 0.9455 0.4684065934065934 0.053 0.07967032967032966
3 0.6305 0.20467032967032966 0.045 0.0521978021978022
3 0.359 0.18063186813186813 0.048 0.05631868131868132
3 0.6835 0.37774725274725274 0.077 0.08791208791208792
3 0.251 0.426510989010989 0.062 0.061813186813186816
3 0.8255 0.26785714285714285 0.059 0.06868131868131869
3 0.2385 0.23008241758241757 0.055 0.05631868131868132
3 0.141 0.18063186813186813 0.058 0.05631868131868132
3 0.552 0.4649725274725275 0.046 0.0782967032967033
3 0.932 0.22802197802197802 0.03 0.04945054945054945
3 0.479 0.22527472527472528 0.028 0.04395604395604396
3 0.116 0.5425824175824175 0.07 0.07692307692307693