6 0.830859375 0.26666666666666666 0.02890625 0.04722222222222222
3 0.934375 0.26319444444444445 0.0265625 0.05694444444444444
4 0.144140625 0.3486111111111111 0.071875 0.1125
5 0.1390625 0.30972222222222223 0.08359375 0.11666666666666667
5 0.82578125 0.2361111111111111 0.04375 0.07083333333333333
5 0.933984375 0.23333333333333334 0.0609375 0.0763888888888889
4 0.901953125 0.35208333333333336 0.02734375 0.04722222222222222
4 0.80546875 0.14166666666666666 0.02578125 0.041666666666666664
5 0.72109375 0.07569444444444444 0.046875 0.06111111111111111
5 0.848046875 0.09305555555555556 0.0515625 0.09027777777777778
5 0.968359375 0.1375 0.0359375 0.08333333333333333
6 0.83515625 0.11388888888888889 0.025 0.059722222222222225
5 0.877734375 0.016666666666666666 0.03984375 0.03333333333333333
5 0.795703125 0.01875 0.0375 0.034722222222222224