3 0.43125 0.23680555555555555 0.046875 0.0875
6 0.8265625 0.2326388888888889 0.0265625 0.05138888888888889
4 0.5125 0.5638888888888889 0.04296875 0.09305555555555556
4 0.839453125 0.12083333333333333 0.03359375 0.03888888888888889
4 0.92109375 0.1638888888888889 0.021875 0.0375
5 0.45546875 0.20972222222222223 0.103125 0.12361111111111112
5 0.916796875 0.22361111111111112 0.05390625 0.09583333333333334
5 0.723046875 0.08194444444444444 0.05703125 0.06111111111111111
5 0.860546875 0.11319444444444444 0.04765625 0.09027777777777778
5 0.830859375 0.19375 0.04453125 0.0625
5 0.8703125 0.01875 0.0359375 0.0375
5 0.959375 0.1361111111111111 0.0453125 0.10833333333333334