6 0.577734375 0.5631944444444444 0.06640625 0.08472222222222223
6 0.79453125 0.25416666666666665 0.0328125 0.027777777777777776
5 0.61328125 0.4888888888888889 0.10625 0.1875
5 0.78203125 0.21875 0.05625 0.09027777777777778
5 0.959765625 0.2548611111111111 0.059375 0.0625
6 0.952734375 0.30486111111111114 0.05078125 0.05138888888888889
5 0.7203125 0.06597222222222222 0.04609375 0.06944444444444445
4 0.919921875 0.21597222222222223 0.02890625 0.04861111111111111
4 0.746875 0.13541666666666666 0.015625 0.04027777777777778
5 0.982421875 0.14791666666666667 0.0265625 0.06805555555555555
5 0.877734375 0.024305555555555556 0.034375 0.04722222222222222