6 0.421875 0.7680555555555556 0.0734375 0.058333333333333334
5 0.43984375 0.7118055555555556 0.15703125 0.2763888888888889
4 0.45234375 0.8840277777777777 0.053125 0.12083333333333333
4 0.934765625 0.21180555555555555 0.02421875 0.03888888888888889
4 0.944921875 0.1701388888888889 0.0265625 0.044444444444444446
5 0.984765625 0.08541666666666667 0.03046875 0.07916666666666666
3 0.987890625 0.09861111111111111 0.02421875 0.04583333333333333
5 0.97734375 0.15833333333333333 0.04140625 0.075
5 0.891015625 0.025694444444444443 0.03046875 0.03888888888888889
3 0.887890625 0.04861111111111111 0.03046875 0.04583333333333333
6 0.681640625 0.03333333333333333 0.028125 0.03194444444444444