6 0.57578125 0.30416666666666664 0.046875 0.12222222222222222
5 0.56875 0.26805555555555555 0.08046875 0.13333333333333333
4 0.526953125 0.6923611111111111 0.0375 0.12222222222222222
4 0.61328125 0.5416666666666666 0.03125 0.08194444444444444
4 0.701171875 0.027083333333333334 0.0203125 0.04027777777777778
4 0.907421875 0.1388888888888889 0.0203125 0.043055555555555555
5 0.963671875 0.15208333333333332 0.0328125 0.08055555555555556
5 0.987890625 0.05694444444444444 0.02421875 0.0625
4 0.88046875 0.07847222222222222 0.0234375 0.0375
3 0.878125 0.022916666666666665 0.0234375 0.04027777777777778
3 0.99140625 0.09305555555555556 0.0171875 0.04583333333333333
4 0.9921875 0.11944444444444445 0.015625 0.04027777777777778
5 0.683984375 0.02013888888888889 0.0453125 0.03888888888888889