6 0.751953125 0.8229166666666666 0.06796875 0.17083333333333334
5 0.961328125 0.14583333333333334 0.03359375 0.08472222222222223
5 0.98828125 0.0763888888888889 0.0234375 0.08333333333333333
4 0.99375 0.11875 0.0125 0.04583333333333333
4 0.87890625 0.044444444444444446 0.02265625 0.005555555555555556
4 0.88046875 0.06111111111111111 0.01953125 0.04027777777777778
4 0.694921875 0.03680555555555556 0.02265625 0.03333333333333333
5 0.72890625 0.7458333333333333 0.12890625 0.18888888888888888
5 0.687890625 0.015277777777777777 0.04609375 0.030555555555555555
3 0.876953125 0.02847222222222222 0.025 0.03333333333333333
5 0.872265625 0.010416666666666666 0.053125 0.020833333333333332
4 0.909765625 0.18958333333333333 0.01796875 0.04861111111111111
4 0.928515625 0.16666666666666666 0.03046875 0.043055555555555555