3 0.319140625 0.7402777777777778 0.09375 0.08333333333333333
6 0.160546875 0.4979166666666667 0.06015625 0.059722222222222225
5 0.158984375 0.49375 0.10390625 0.2625
5 0.33046875 0.6152777777777778 0.121875 0.16111111111111112
4 0.401953125 0.7055555555555556 0.06171875 0.12083333333333333
4 0.191796875 0.6722222222222223 0.05703125 0.10277777777777777
4 0.22578125 0.6736111111111112 0.0375 0.15555555555555556
4 0.959765625 0.15 0.03671875 0.10972222222222222
3 0.830859375 0.01875 0.03515625 0.0375
4 0.840234375 0.1 0.01953125 0.04722222222222222
4 0.68125 0.029861111111111113 0.02421875 0.034722222222222224
5 0.68125 0.022222222222222223 0.03125 0.044444444444444446