3 0.30052083333333335 0.14722222222222223 0.08020833333333334 0.14074074074074075
3 0.43645833333333334 0.5648148148148148 0.10416666666666667 0.1537037037037037
6 0.6130208333333333 0.2462962962962963 0.078125 0.13518518518518519
1 0.036458333333333336 0.15324074074074073 0.07291666666666667 0.14537037037037037
1 0.30755208333333334 0.052314814814814814 0.13489583333333333 0.10462962962962963
1 0.6247395833333333 0.16203703703703703 0.11666666666666667 0.15
1 0.8544270833333333 0.3282407407407407 0.10364583333333334 0.1675925925925926
3 0.8359375 0.4222222222222222 0.059895833333333336 0.07037037037037037
3 0.04921875 0.23333333333333334 0.041666666666666664 0.11851851851851852
4 0.09114583333333333 0.41805555555555557 0.03854166666666667 0.08703703703703704
0 0.25859375 0.43287037037037035 0.04375 0.19722222222222222
0 0.30885416666666665 0.4324074074074074 0.05416666666666667 0.20185185185185187
0 0.56171875 0.9310185185185185 0.08072916666666667 0.13796296296296295
0 0.6216145833333333 0.6976851851851852 0.044270833333333336 0.16574074074074074
0 0.8526041666666667 0.6157407407407407 0.06145833333333333 0.12407407407407407
0 0.82734375 0.7513888888888889 0.06302083333333333 0.09907407407407408
6 0.98125 0.6027777777777777 0.0375 0.14166666666666666