3 0.0234375 0.275 0.042708333333333334 0.08888888888888889
6 0.44427083333333334 0.11574074074074074 0.046875 0.08888888888888889
6 0.5885416666666666 0.22777777777777777 0.06875 0.15
1 0.83203125 0.31805555555555554 0.0796875 0.12222222222222222
3 0.82421875 0.3800925925925926 0.0671875 0.09722222222222222
1 0.9263020833333333 0.36527777777777776 0.1015625 0.1425925925925926
1 0.434375 0.06620370370370371 0.06927083333333334 0.1111111111111111
1 0.6091145833333333 0.12962962962962962 0.12708333333333333 0.1648148148148148
1 0.020833333333333332 0.1824074074074074 0.040625 0.14629629629629629
4 0.019791666666666666 0.7791666666666667 0.03958333333333333 0.1175925925925926
4 0.5466145833333333 0.6370370370370371 0.08541666666666667 0.08055555555555556
4 0.5005208333333333 0.562962962962963 0.10833333333333334 0.17962962962962964
0 0.47630208333333335 0.23935185185185184 0.0453125 0.06944444444444445
1 0.3966145833333333 0.3300925925925926 0.1703125 0.287962962962963
3 0.5916666666666667 0.028703703703703703 0.07447916666666667 0.05740740740740741