6 0.4161458333333333 0.30648148148148147 0.07395833333333333 0.12222222222222222
6 0.2 0.8435185185185186 0.1125 0.1111111111111111
6 0.6067708333333334 0.12962962962962962 0.030208333333333334 0.09814814814814815
3 0.18489583333333334 0.2638888888888889 0.078125 0.10740740740740741
3 0.7395833333333334 0.5453703703703704 0.09375 0.17777777777777778
0 0.9302083333333333 0.2777777777777778 0.06770833333333333 0.0787037037037037
0 0.6109375 0.9439814814814815 0.06145833333333333 0.08981481481481482
1 0.17265625 0.14027777777777778 0.12552083333333333 0.1361111111111111
1 0.18489583333333334 0.6291666666666667 0.184375 0.225
1 0.4390625 0.18425925925925926 0.14791666666666667 0.17592592592592593
1 0.5640625 0.1 0.07604166666666666 0.1425925925925926
1 0.7705729166666667 0.3625 0.17864583333333334 0.2601851851851852
0 0.63515625 0.41805555555555557 0.04739583333333333 0.075