6 0.16197916666666667 0.28703703703703703 0.06145833333333333 0.11296296296296296
6 0.3645833333333333 0.38425925925925924 0.07708333333333334 0.12222222222222222
6 0.915625 0.30648148148148147 0.05416666666666667 0.1037037037037037
3 0.7114583333333333 0.5166666666666667 0.09375 0.15
3 0.603125 0.11666666666666667 0.07916666666666666 0.11666666666666667
1 0.16901041666666666 0.1884259259259259 0.09375 0.14629629629629629
1 0.3580729166666667 0.2722222222222222 0.11770833333333333 0.14722222222222223
1 0.61640625 0.044444444444444446 0.12395833333333334 0.08888888888888889
1 0.9828125 0.20185185185185187 0.034375 0.1361111111111111
1 0.9364583333333333 0.24814814814814815 0.09739583333333333 0.17962962962962964
1 0.76796875 0.37777777777777777 0.17708333333333334 0.30277777777777776
4 0.9716145833333333 0.7384259259259259 0.05677083333333333 0.09907407407407408
4 0.11848958333333333 0.7018518518518518 0.08541666666666667 0.16111111111111112
0 0.17161458333333332 0.8101851851851852 0.07447916666666667 0.1425925925925926
0 0.3419270833333333 0.6648148148148149 0.08541666666666667 0.1361111111111111
0 0.41796875 0.6824074074074075 0.08802083333333334 0.1712962962962963
6 0.014583333333333334 0.6893518518518519 0.029166666666666667 0.18611111111111112
4 0.6203125 0.38101851851851853 0.09322916666666667 0.16111111111111112
4 0.55703125 0.41944444444444445 0.07135416666666666 0.12129629629629629
4 0.59375 0.8800925925925925 0.07916666666666666 0.11018518518518519