3 0.142578125 0.5183284457478006 0.080078125 0.10703812316715543
3 0.357421875 0.5843108504398827 0.091796875 0.13049853372434017
3 0.849609375 0.29472140762463345 0.078125 0.11143695014662756
3 0.19482421875 0.2089442815249267 0.0634765625 0.10703812316715543
3 0.06591796875 0.21407624633431085 0.0615234375 0.10263929618768329
3 0.708984375 0.2375366568914956 0.072265625 0.10263929618768329
3 0.31396484375 0.2155425219941349 0.0654296875 0.06744868035190615
3 0.46337890625 0.25146627565982405 0.0556640625 0.0747800586510264
3 0.6181640625 0.6304985337243402 0.078125 0.08211143695014662
3 0.81787109375 0.6224340175953079 0.0634765625 0.13343108504398826
3 0.5244140625 0.5212609970674487 0.05859375 0.10117302052785923
3 0.40771484375 0.22434017595307917 0.0556640625 0.07038123167155426
3 0.90021484375 0.5785190615835777 0.07634765625 0.10931085043988269