3 0.5658324265505985 0.2713541666666667 0.03808487486398259 0.05520833333333333
3 0.3337867247007617 0.2552083333333333 0.03536452665941241 0.05625
3 0.7440152339499456 0.3078125 0.03536452665941241 0.051041666666666666
3 0.4396082698585419 0.28020833333333334 0.04026115342763874 0.06041666666666667
3 0.9529379760609358 0.3265625 0.041893362350380846 0.05520833333333333
3 0.22850924918389554 0.3046875 0.042437431991294884 0.059375
3 0.6528835690968444 0.3177083333333333 0.03482045701849837 0.04791666666666667
3 0.1381936887921654 0.2921875 0.03917301414581066 0.05520833333333333
3 0.2763873775843308 0.21145833333333333 0.03373231773667029 0.052083333333333336
3 0.8370511425462459 0.35520833333333335 0.040805223068552776 0.052083333333333336
3 0.030467899891186073 0.2838541666666667 0.042437431991294884 0.06354166666666666