3 0.5442708333333334 0.13425925925925927 0.06770833333333333 0.12962962962962962
3 0.65625 0.5444444444444444 0.09583333333333334 0.17222222222222222
2 0.9322916666666666 0.34629629629629627 0.0625 0.1574074074074074
6 0.19322916666666667 0.2611111111111111 0.053125 0.11296296296296296
6 0.2640625 0.4 0.07395833333333333 0.13518518518518519
1 0.9515625 0.2574074074074074 0.096875 0.2101851851851852
1 0.5734375 0.059722222222222225 0.11770833333333333 0.11944444444444445
1 0.21354166666666666 0.1625 0.10625 0.11944444444444445
1 0.26328125 0.29444444444444445 0.10833333333333334 0.14814814814814814
1 0.7252604166666666 0.425 0.19583333333333333 0.3314814814814815
0 0.5328125 0.7856481481481481 0.17552083333333332 0.175
4 0.16458333333333333 0.9277777777777778 0.10208333333333333 0.14444444444444443
0 0.17057291666666666 0.7976851851851852 0.07604166666666666 0.1425925925925926
0 0.2716145833333333 0.7097222222222223 0.09427083333333333 0.14537037037037037
0 0.36302083333333335 0.7032407407407407 0.06145833333333333 0.16296296296296298
6 0.017708333333333333 0.6768518518518518 0.035416666666666666 0.2037037037037037
0 0.49947916666666664 0.5935185185185186 0.0984375 0.20925925925925926