3 0.2640625 0.24074074074074073 0.09479166666666666 0.10555555555555556
3 0.5057291666666667 0.6111111111111112 0.08854166666666667 0.13518518518518519
6 0.7369791666666666 0.6962962962962963 0.09270833333333334 0.12407407407407407
6 0.8364583333333333 0.262037037037037 0.06041666666666667 0.11851851851851852
6 0.971875 0.6824074074074075 0.052083333333333336 0.12962962962962962
1 0.0375 0.20601851851851852 0.07395833333333333 0.1814814814814815
1 0.2671875 0.0875 0.14166666666666666 0.175
1 0.8356770833333333 0.16527777777777777 0.1109375 0.15648148148148147
1 0.97421875 0.5393518518518519 0.0515625 0.20092592592592592
1 0.7578125 0.5527777777777778 0.14427083333333332 0.24074074074074073
1 0.50859375 0.41759259259259257 0.19635416666666666 0.26481481481481484
4 0.08958333333333333 0.5041666666666667 0.04583333333333333 0.08703703703703704
4 0.041666666666666664 0.8273148148148148 0.06145833333333333 0.1037037037037037
0 0.06640625 0.9087962962962963 0.05572916666666667 0.09351851851851851
0 0.1875 0.711574074074074 0.06145833333333333 0.125
0 0.6255208333333333 0.6939814814814815 0.0484375 0.13240740740740742
0 0.5986979166666667 0.8578703703703704 0.07864583333333333 0.16203703703703703
3 0.040364583333333336 0.30462962962962964 0.052083333333333336 0.09444444444444444