6 0.16145833333333334 0.29074074074074074 0.06041666666666667 0.11666666666666667
6 0.35885416666666664 0.3712962962962963 0.06770833333333333 0.12962962962962962
3 0.6416666666666667 0.1111111111111111 0.06041666666666667 0.12407407407407407
3 0.7078125 0.5231481481481481 0.07604166666666666 0.15925925925925927
6 0.9177083333333333 0.31574074074074077 0.0375 0.1111111111111111
1 0.16770833333333332 0.1925925925925926 0.10520833333333333 0.1425925925925926
1 0.359375 0.2675925925925926 0.13385416666666666 0.15648148148148147
1 0.65859375 0.04212962962962963 0.11510416666666666 0.08425925925925926
1 0.9864583333333333 0.20185185185185187 0.027083333333333334 0.09907407407407408
1 0.9471354166666667 0.2462962962962963 0.1015625 0.16296296296296298
1 0.765625 0.3851851851851852 0.1796875 0.28055555555555556
4 0.16432291666666668 0.5712962962962963 0.09114583333333333 0.1962962962962963
0 0.17473958333333334 0.8152777777777778 0.0703125 0.14074074074074075
0 0.35859375 0.6791666666666667 0.10520833333333333 0.1037037037037037
0 0.42916666666666664 0.6819444444444445 0.10052083333333334 0.1638888888888889
0 0.6080729166666666 0.4300925925925926 0.0828125 0.12407407407407407
0 0.6390625 0.38101851851851853 0.0859375 0.16111111111111112
0 0.9690104166666667 0.7384259259259259 0.05520833333333333 0.10462962962962963