6 0.27760416666666665 0.32037037037037036 0.06770833333333333 0.10555555555555556
3 0.5630208333333333 0.2675925925925926 0.059375 0.1
3 0.7822916666666667 0.35462962962962963 0.052083333333333336 0.06666666666666667
3 0.024479166666666666 0.2675925925925926 0.026041666666666668 0.08148148148148149
1 0.021354166666666667 0.18425925925925926 0.041666666666666664 0.1388888888888889
1 0.24296875 0.25 0.1375 0.20833333333333334
1 0.53515625 0.15601851851851853 0.13177083333333334 0.18611111111111112
1 0.78828125 0.2490740740740741 0.12760416666666666 0.19444444444444445
1 0.9802083333333333 0.4587962962962963 0.03958333333333333 0.16944444444444445
1 0.6828125 0.33935185185185185 0.10729166666666666 0.1287037037037037
1 0.6229166666666667 0.5222222222222223 0.21302083333333333 0.3925925925925926
0 0.8221354166666667 0.5972222222222222 0.059895833333333336 0.1527777777777778
4 0.3684895833333333 0.7449074074074075 0.06197916666666667 0.09259259259259259
4 0.325 0.8148148148148148 0.09375 0.14166666666666666