6 0.1515625 0.30185185185185187 0.06145833333333333 0.12777777777777777
6 0.26614583333333336 0.4287037037037037 0.07395833333333333 0.13333333333333333
6 0.8901041666666667 0.2898148148148148 0.04479166666666667 0.11481481481481481
3 0.6890625 0.4361111111111111 0.08229166666666667 0.17777777777777778
3 0.5583333333333333 0.12777777777777777 0.07291666666666667 0.12037037037037036
1 0.15364583333333334 0.20185185185185187 0.10104166666666667 0.14814814814814814
1 0.265625 0.31666666666666665 0.12708333333333333 0.19907407407407407
1 0.57734375 0.04814814814814815 0.1328125 0.0962962962962963
1 0.9776041666666667 0.18981481481481483 0.04479166666666667 0.13148148148148148
1 0.9098958333333333 0.21157407407407408 0.10885416666666667 0.13796296296296295
4 0.97421875 0.7171296296296297 0.0515625 0.13055555555555556
0 0.17291666666666666 0.8162037037037037 0.08125 0.13055555555555556
0 0.2984375 0.7708333333333334 0.109375 0.13796296296296295
0 0.3765625 0.7324074074074074 0.057291666666666664 0.16666666666666666
0 0.5166666666666667 0.475462962962963 0.08072916666666667 0.1398148148148148
0 0.6075520833333333 0.4777777777777778 0.09583333333333334 0.14444444444444443
4 0.023177083333333334 0.8287037037037037 0.0453125 0.15555555555555556