6 0.37265625 0.2462962962962963 0.06614583333333333 0.11481481481481481
3 0.73046875 0.18194444444444444 0.06927083333333334 0.12314814814814815
1 0.17838541666666666 0.25 0.0984375 0.11574074074074074
1 0.18385416666666668 0.3912037037037037 0.14791666666666667 0.21203703703703702
1 0.04296875 0.5032407407407408 0.0859375 0.2638888888888889
1 0.3890625 0.1375 0.13802083333333334 0.18055555555555555
1 0.7119791666666667 0.08657407407407407 0.13125 0.15833333333333333
1 0.9645833333333333 0.22407407407407406 0.07083333333333333 0.17592592592592593
4 0.8299479166666667 0.7935185185185185 0.06197916666666667 0.12777777777777777
0 0.6778645833333333 0.524074074074074 0.11145833333333334 0.19444444444444445
0 0.7674479166666667 0.5097222222222222 0.08958333333333333 0.21481481481481482
0 0.5111979166666667 0.7925925925925926 0.0765625 0.18796296296296297