6 0.23854166666666668 0.7101851851851851 0.11875 0.1111111111111111
6 0.4583333333333333 0.2740740740740741 0.0625 0.11666666666666667
6 0.6203125 0.14537037037037037 0.03229166666666667 0.08888888888888889
3 0.7020833333333333 0.5351851851851852 0.1125 0.1648148148148148
3 0.29270833333333335 0.2611111111111111 0.07916666666666666 0.09444444444444444
1 0.228125 0.5175925925925926 0.19114583333333332 0.29259259259259257
1 0.3184895833333333 0.13703703703703704 0.11458333333333333 0.17314814814814813
1 0.4984375 0.18425925925925926 0.14166666666666666 0.23055555555555557
1 0.5828125 0.1050925925925926 0.109375 0.14629629629629629
1 0.74921875 0.38287037037037036 0.1953125 0.27037037037037037
1 0.9828125 0.17546296296296296 0.034375 0.14537037037037037
0 0.6026041666666667 0.950925925925926 0.071875 0.09814814814814815
0 0.5348958333333333 0.9171296296296296 0.07916666666666666 0.16574074074074074