6 0.3796875 0.05925925925925926 0.071875 0.10555555555555556
6 0.6432291666666666 0.20277777777777778 0.057291666666666664 0.11481481481481481
3 0.7958333333333333 0.4740740740740741 0.10208333333333333 0.19444444444444445
1 0.6635416666666667 0.1837962962962963 0.065625 0.13703703703703704
0 0.5421875 0.3425925925925926 0.04479166666666667 0.09074074074074075
0 0.5875 0.38981481481481484 0.04895833333333333 0.1287037037037037
1 0.8375 0.43333333333333335 0.08385416666666666 0.23055555555555557
0 0.5609375 0.7129629629629629 0.08385416666666666 0.2074074074074074
0 0.31666666666666665 0.6157407407407407 0.08125 0.15925925925925927
1 0.43671875 0.049074074074074076 0.10520833333333333 0.09814814814814815
1 0.27421875 0.06527777777777778 0.140625 0.13055555555555556
4 0.8565104166666667 0.9587962962962963 0.05260416666666667 0.0824074074074074