6 0.1640625 0.287962962962963 0.065625 0.1111111111111111
6 0.3567708333333333 0.36574074074074076 0.07604166666666666 0.11481481481481481
3 0.6192708333333333 0.11851851851851852 0.07395833333333333 0.12407407407407407
3 0.7145833333333333 0.4981481481481482 0.09375 0.1685185185185185
6 0.9125 0.2851851851851852 0.0625 0.10925925925925926
6 0.0203125 0.6351851851851852 0.034375 0.17592592592592593
1 0.16953125 0.19907407407407407 0.08802083333333334 0.15
1 0.36041666666666666 0.2726851851851852 0.12239583333333333 0.16666666666666666
1 0.6455729166666667 0.04953703703703704 0.13020833333333334 0.09907407407407408
1 0.771875 0.37916666666666665 0.1671875 0.3
1 0.9296875 0.23055555555555557 0.09427083333333333 0.16944444444444445
1 0.9838541666666667 0.2037037037037037 0.03229166666666667 0.11574074074074074
3 0.98984375 0.32037037037037036 0.0203125 0.08333333333333333
4 0.9734375 0.7379629629629629 0.053125 0.09722222222222222
0 0.5971354166666667 0.8861111111111111 0.0609375 0.13425925925925927
0 0.50546875 0.2638888888888889 0.08229166666666667 0.18055555555555555
0 0.6515625 0.4912037037037037 0.07239583333333334 0.09722222222222222
0 0.36328125 0.6875 0.10729166666666666 0.10740740740740741
0 0.4158854166666667 0.6712962962962963 0.09947916666666666 0.18611111111111112
0 0.17578125 0.8194444444444444 0.0796875 0.14907407407407408
4 0.10416666666666667 0.8527777777777777 0.06822916666666666 0.18518518518518517