6 0.03567708333333333 0.34444444444444444 0.0703125 0.1537037037037037
3 0.3828125 0.15648148148148147 0.07760416666666667 0.12037037037037036
6 0.4895833333333333 0.05185185185185185 0.04895833333333333 0.09259259259259259
3 0.5916666666666667 0.39537037037037037 0.07395833333333333 0.19814814814814816
6 0.9223958333333333 0.4115740740740741 0.059375 0.1398148148148148
1 0.03828125 0.275 0.07552083333333333 0.18981481481481483
0 0.18151041666666667 0.8356481481481481 0.04635416666666667 0.11388888888888889
0 0.37604166666666666 0.47638888888888886 0.0875 0.11203703703703703
0 0.4328125 0.37592592592592594 0.08333333333333333 0.13240740740740742
1 0.36770833333333336 0.05694444444444444 0.13697916666666668 0.1111111111111111
1 0.45416666666666666 0.06111111111111111 0.046875 0.12222222222222222
1 0.5552083333333333 0.2657407407407407 0.15104166666666666 0.23333333333333334
4 0.53671875 0.07777777777777778 0.044270833333333336 0.12222222222222222
1 0.9252604166666667 0.31666666666666665 0.09635416666666667 0.18055555555555555
0 0.9221354166666667 0.7527777777777778 0.058333333333333334 0.10277777777777777
0 0.59921875 0.8532407407407407 0.058333333333333334 0.1361111111111111
3 0.03671875 0.8976851851851851 0.0734375 0.12685185185185185