3 0.2932692307692308 0.23076923076923078 0.13942307692307693 0.15865384615384615
3 0.5192307692307693 0.11057692307692307 0.07211538461538461 0.0625
1 0.2512019230769231 0.10336538461538461 0.1658653846153846 0.20673076923076922
1 0.5132211538461539 0.027644230769230768 0.11298076923076923 0.055288461538461536
1 0.5793269230769231 0.17548076923076922 0.1346153846153846 0.1658653846153846
1 0.5180288461538461 0.3918269230769231 0.17067307692307693 0.2548076923076923
1 0.8329326923076923 0.3449519230769231 0.125 0.15144230769230768
1 0.9771634615384616 0.5060096153846154 0.04567307692307692 0.22355769230769232
3 0.5492788461538461 0.5757211538461539 0.18028846153846154 0.17067307692307693
6 0.6081730769230769 0.30649038461538464 0.057692307692307696 0.07932692307692307
6 0.9459134615384616 0.6466346153846154 0.10817307692307693 0.17307692307692307
4 0.7487980769230769 0.9098557692307693 0.11778846153846154 0.11778846153846154
0 0.6021634615384616 0.9350961538461539 0.10336538461538461 0.12980769230769232
0 0.12139423076923077 0.8052884615384616 0.09375 0.13701923076923078
0 0.25600961538461536 0.9663461538461539 0.13221153846153846 0.0673076923076923