3 0.39557291666666666 0.5148148148148148 0.11822916666666666 0.1648148148148148
6 0.0890625 0.30092592592592593 0.06145833333333333 0.11481481481481481
6 0.44765625 0.06481481481481481 0.03958333333333333 0.08518518518518518
1 0.06875 0.23842592592592593 0.11875 0.16018518518518518
1 0.39010416666666664 0.17824074074074073 0.13333333333333333 0.1935185185185185
1 0.35208333333333336 0.35833333333333334 0.175 0.24537037037037038
1 0.4546875 0.03935185185185185 0.06875 0.0787037037037037
1 0.7541666666666667 0.3837962962962963 0.18072916666666666 0.3212962962962963
6 0.9723958333333333 0.7152777777777778 0.05520833333333333 0.1574074074074074
4 0.8606770833333334 0.8740740740740741 0.0953125 0.22685185185185186
0 0.5661458333333333 0.9324074074074075 0.09635416666666667 0.13518518518518519
0 0.4752604166666667 0.937037037037037 0.08802083333333334 0.1259259259259259
4 0.16380208333333332 0.611574074074074 0.08333333333333333 0.12222222222222222