6 0.0625 0.3314814814814815 0.07083333333333333 0.10555555555555556
3 0.3734375 0.5361111111111111 0.11145833333333334 0.17777777777777778
3 0.4578125 0.12314814814814815 0.07604166666666666 0.11851851851851852
6 0.7348958333333333 0.37407407407407406 0.06979166666666667 0.11666666666666667
6 0.8302083333333333 0.287962962962963 0.058333333333333334 0.12222222222222222
6 0.9765625 0.5990740740740741 0.034375 0.16296296296296298
1 0.05286458333333333 0.26990740740740743 0.10416666666666667 0.21666666666666667
1 0.3138020833333333 0.4324074074074074 0.1609375 0.3314814814814815
1 0.44427083333333334 0.050462962962962966 0.12708333333333333 0.09907407407407408
1 0.7388020833333333 0.29768518518518516 0.11197916666666667 0.18518518518518517
1 0.8169270833333333 0.20185185185185187 0.115625 0.15462962962962962
4 0.9317708333333333 0.65 0.07395833333333333 0.18055555555555555
0 0.6515625 0.6300925925925925 0.07604166666666666 0.1712962962962963
0 0.7270833333333333 0.7013888888888888 0.10572916666666667 0.18518518518518517
0 0.82890625 0.7967592592592593 0.0734375 0.1712962962962963
4 0.032552083333333336 0.7310185185185185 0.05 0.1259259259259259
0 0.048177083333333336 0.9388888888888889 0.0953125 0.12222222222222222