6 0.4109375 0.03148148148148148 0.04479166666666667 0.06111111111111111
6 0.46927083333333336 0.1638888888888889 0.06770833333333333 0.10740740740740741
3 0.5526041666666667 0.053703703703703705 0.04479166666666667 0.09814814814814815
3 0.6333333333333333 0.1574074074074074 0.05625 0.11666666666666667
0 0.5645833333333333 0.48333333333333334 0.0484375 0.08148148148148149
0 0.58203125 0.42685185185185187 0.04114583333333333 0.06759259259259259
1 0.6661458333333333 0.1 0.109375 0.18518518518518517
1 0.44973958333333336 0.08148148148148149 0.09322916666666667 0.1111111111111111
1 0.5580729166666667 0.037037037037037035 0.059375 0.07222222222222222
4 0.553125 0.12546296296296297 0.04583333333333333 0.08888888888888889
4 0.44609375 0.7111111111111111 0.058854166666666666 0.12407407407407407