6 0.3848958333333333 0.25462962962962965 0.078125 0.10740740740740741
3 0.5697916666666667 0.5638888888888889 0.08958333333333333 0.15925925925925927
3 0.6927083333333334 0.16574074074074074 0.08958333333333333 0.13333333333333333
1 0.96640625 0.1439814814814815 0.0671875 0.11944444444444445
1 0.6895833333333333 0.05138888888888889 0.13489583333333333 0.10277777777777777
1 0.37838541666666664 0.1537037037037037 0.1234375 0.16296296296296298
1 0.14140625 0.3337962962962963 0.1046875 0.14074074074074075
1 0.6028645833333334 0.39490740740740743 0.18385416666666668 0.2564814814814815
6 0.022395833333333334 0.6050925925925926 0.04375 0.17777777777777778
0 0.15494791666666666 0.5986111111111111 0.058854166666666666 0.13333333333333333
0 0.18229166666666666 0.7347222222222223 0.07135416666666666 0.1037037037037037
0 0.3846354166666667 0.7106481481481481 0.053125 0.17222222222222222
0 0.45338541666666665 0.9310185185185185 0.07239583333333334 0.13796296296296295
0 0.7276041666666667 0.4300925925925926 0.09375 0.22314814814814815
4 0.9125 0.399537037037037 0.0390625 0.11203703703703703
3 0.9598958333333333 0.24675925925925926 0.04375 0.0712962962962963