6 0.45078125 0.13194444444444445 0.041666666666666664 0.09444444444444444
3 0.7388020833333333 0.2101851851851852 0.0859375 0.12314814814814815
0 0.76015625 0.5472222222222223 0.10677083333333333 0.12314814814814815
0 0.6682291666666667 0.5175925925925926 0.06822916666666666 0.11944444444444445
0 0.47942708333333334 0.33935185185185185 0.06145833333333333 0.12685185185185185
0 0.43723958333333335 0.36898148148148147 0.050520833333333334 0.1
1 0.75078125 0.09398148148148149 0.1390625 0.18518518518518517
1 0.47421875 0.07916666666666666 0.10677083333333333 0.13240740740740742
1 0.25 0.1648148148148148 0.12395833333333334 0.17962962962962964
1 0.10520833333333333 0.27685185185185185 0.1015625 0.1935185185185185
0 0.36171875 0.8060185185185185 0.06979166666666667 0.17777777777777778
0 0.9619791666666667 0.8865740740740741 0.04791666666666667 0.12314814814814815
4 0.9380208333333333 0.5291666666666667 0.052083333333333336 0.09351851851851851
4 0.9591145833333333 0.7236111111111111 0.05625 0.08703703703703704