6 0.0921875 0.2824074074074074 0.06979166666666667 0.09259259259259259
6 0.709375 0.37777777777777777 0.075 0.1537037037037037
6 0.8364583333333333 0.2601851851851852 0.058333333333333334 0.12222222222222222
6 0.9828125 0.5527777777777778 0.030208333333333334 0.14814814814814814
3 0.3072916666666667 0.4222222222222222 0.11458333333333333 0.16111111111111112
3 0.4859375 0.1425925925925926 0.059375 0.12407407407407407
1 0.014322916666666666 0.18333333333333332 0.027604166666666666 0.1111111111111111
1 0.08046875 0.23703703703703705 0.096875 0.15648148148148147
1 0.278125 0.31527777777777777 0.1734375 0.2638888888888889
1 0.45807291666666666 0.06666666666666667 0.1484375 0.13333333333333333
1 0.8296875 0.17314814814814813 0.11666666666666667 0.14074074074074075
1 0.7283854166666667 0.29814814814814816 0.1296875 0.16203703703703703
4 0.8822916666666667 0.8388888888888889 0.07395833333333333 0.10555555555555556
0 0.8229166666666666 0.8087962962962963 0.051041666666666666 0.10925925925925926
0 0.7041666666666667 0.725925925925926 0.08802083333333334 0.12407407407407407
0 0.6317708333333333 0.6958333333333333 0.06041666666666667 0.13796296296296295
0 0.5302083333333333 0.6458333333333334 0.03854166666666667 0.1527777777777778
0 0.40338541666666666 0.875462962962963 0.05572916666666667 0.1685185185185185
4 0.03463541666666667 0.7319444444444444 0.052083333333333336 0.1175925925925926