3 0.015104166666666667 0.25833333333333336 0.023958333333333335 0.15555555555555556
3 0.2390625 0.15185185185185185 0.08854166666666667 0.1574074074074074
6 0.49322916666666666 0.11018518518518519 0.07395833333333333 0.12222222222222222
6 0.5661458333333333 0.8787037037037037 0.13645833333333332 0.2074074074074074
0 0.04140625 0.8791666666666667 0.057291666666666664 0.1259259259259259
4 0.03958333333333333 0.7277777777777777 0.05416666666666667 0.09537037037037037
4 0.37161458333333336 0.575462962962963 0.0546875 0.16111111111111112
1 0.2674479166666667 0.3921296296296296 0.1796875 0.33796296296296297
1 0.2565104166666667 0.058333333333333334 0.1296875 0.11666666666666667
1 0.48098958333333336 0.04583333333333333 0.10364583333333334 0.09166666666666666
1 0.6078125 0.7027777777777777 0.2630208333333333 0.40925925925925927
1 0.98125 0.5060185185185185 0.0375 0.26296296296296295
0 0.4666666666666667 0.3347222222222222 0.05 0.08703703703703704
0 0.51875 0.32314814814814813 0.0359375 0.13796296296296295
4 0.06770833333333333 0.5097222222222222 0.051041666666666666 0.0787037037037037