1 0.9609375 0.5723684210526315 0.078125 0.21578947368421053
1 0.86640625 0.3368421052631579 0.084375 0.15
1 0.721875 0.3092105263157895 0.2359375 0.3447368421052632
1 0.4984375 0.09210526315789473 0.134375 0.1736842105263158
1 0.3546875 0.11710526315789474 0.10625 0.11315789473684211
1 0.234375 0.2118421052631579 0.1546875 0.21052631578947367
1 0.0484375 0.16710526315789473 0.096875 0.1631578947368421
6 0.4875 0.22105263157894736 0.090625 0.1
6 0.3609375 0.19605263157894737 0.0609375 0.06315789473684211
6 0.28046875 0.3171052631578947 0.084375 0.12105263157894737
3 0.065625 0.24078947368421053 0.0609375 0.1
4 0.065625 0.7684210526315789 0.075 0.1
4 0.359375 0.6421052631578947 0.0859375 0.10263157894736842
0 0.34921875 0.35526315789473684 0.0734375 0.14736842105263157
4 0.09140625 0.5105263157894737 0.0703125 0.08157894736842106