3 0.24583333333333332 0.2111111111111111 0.09166666666666666 0.11296296296296296
6 0.5916666666666667 0.24537037037037038 0.07708333333333334 0.08888888888888889
6 0.04010416666666667 0.7592592592592593 0.06979166666666667 0.10925925925925926
1 0.03671875 0.14583333333333334 0.06875 0.1287037037037037
1 0.24791666666666667 0.0824074074074074 0.14791666666666667 0.1648148148148148
1 0.58203125 0.13194444444444445 0.128125 0.1814814814814815
1 0.84921875 0.2962962962962963 0.1140625 0.1527777777777778
1 0.6828125 0.31666666666666665 0.13489583333333333 0.22407407407407406
1 0.4783854166666667 0.7967592592592593 0.07395833333333333 0.14074074074074075
1 0.04010416666666667 0.6444444444444445 0.08020833333333334 0.24351851851851852
4 0.13177083333333334 0.6513888888888889 0.04739583333333333 0.12222222222222222
0 0.27708333333333335 0.538425925925926 0.12916666666666668 0.1425925925925926
0 0.18671875 0.5425925925925926 0.059895833333333336 0.15092592592592594
0 0.8268229166666666 0.5916666666666667 0.06927083333333334 0.11388888888888889
0 0.840625 0.7513888888888889 0.1109375 0.11203703703703703
6 0.9846354166666667 0.5875 0.030729166666666665 0.15462962962962962
4 0.8815104166666666 0.8851851851851852 0.06354166666666666 0.08333333333333333