6 0.25885416666666666 0.7314814814814815 0.13645833333333332 0.1388888888888889
6 0.47552083333333334 0.29444444444444445 0.078125 0.13148148148148148
6 0.6192708333333333 0.15 0.042708333333333334 0.09814814814814815
3 0.7130208333333333 0.5685185185185185 0.11145833333333334 0.18333333333333332
3 0.3125 0.25462962962962965 0.09791666666666667 0.13333333333333333
1 0.2643229166666667 0.5351851851851852 0.190625 0.3037037037037037
1 0.3390625 0.12916666666666668 0.13177083333333334 0.18796296296296297
1 0.52265625 0.1699074074074074 0.13489583333333333 0.23981481481481481
1 0.7653645833333333 0.37546296296296294 0.15416666666666667 0.2361111111111111
0 0.9427083333333334 0.2912037037037037 0.08229166666666667 0.09907407407407408
1 0.9880208333333333 0.2222222222222222 0.023958333333333335 0.10925925925925926
0 0.53203125 0.9273148148148148 0.06979166666666667 0.1361111111111111
0 0.5979166666666667 0.9324074074074075 0.07395833333333333 0.13518518518518519