6 0.36484375 0.31157407407407406 0.075 0.13518518518518519
6 0.6671875 0.2796296296296296 0.078125 0.14722222222222223
6 0.5533854166666666 0.10972222222222222 0.04739583333333333 0.09259259259259259
3 0.23984375 0.28935185185185186 0.05520833333333333 0.08425925925925926
1 0.10234375 0.3236111111111111 0.11666666666666667 0.19537037037037036
1 0.23854166666666668 0.2111111111111111 0.08697916666666666 0.1361111111111111
1 0.34713541666666664 0.2050925925925926 0.11979166666666667 0.2222222222222222
1 0.5734375 0.06296296296296296 0.08645833333333333 0.12407407407407407
1 0.6703125 0.15092592592592594 0.12395833333333334 0.1574074074074074
4 0.9747395833333333 0.7180555555555556 0.04583333333333333 0.06944444444444445
0 0.98125 0.7875 0.0375 0.11574074074074074
0 0.42890625 0.6648148148148149 0.12760416666666666 0.06851851851851852
0 0.49609375 0.6217592592592592 0.07447916666666667 0.1425925925925926
0 0.5294270833333333 0.2564814814814815 0.04739583333333333 0.1037037037037037
0 0.57890625 0.2638888888888889 0.05260416666666667 0.1
4 0.7002604166666667 0.9388888888888889 0.06927083333333334 0.12222222222222222
4 0.5471354166666667 0.7328703703703704 0.058333333333333334 0.1175925925925926