6 0.16979166666666667 0.324537037037037 0.057291666666666664 0.07962962962962963
6 0.5997395833333333 0.12824074074074074 0.058333333333333334 0.09074074074074075
3 0.7606770833333333 0.1865740740740741 0.057291666666666664 0.14722222222222223
1 0.16145833333333334 0.23148148148148148 0.1203125 0.17777777777777778
1 0.3033854166666667 0.3537037037037037 0.15416666666666667 0.31666666666666665
1 0.57890625 0.0824074074074074 0.10572916666666667 0.1259259259259259
1 0.7408854166666666 0.06296296296296296 0.13333333333333333 0.09259259259259259
1 0.96640625 0.1449074074074074 0.0671875 0.15833333333333333
1 0.02109375 0.5092592592592593 0.0421875 0.275
0 0.5119791666666667 0.35324074074074074 0.04739583333333333 0.1175925925925926
0 0.5453125 0.7111111111111111 0.06875 0.1925925925925926
0 0.80859375 0.7472222222222222 0.06041666666666667 0.21481481481481482
4 0.9010416666666666 0.7449074074074075 0.05416666666666667 0.1537037037037037
0 0.9643229166666667 0.8861111111111111 0.05260416666666667 0.14722222222222223
0 0.19401041666666666 0.5796296296296296 0.08125 0.11388888888888889