3 0.2557291666666667 0.26481481481481484 0.071875 0.08703703703703704
6 0.0875 0.5537037037037037 0.09166666666666666 0.1425925925925926
1 0.10182291666666667 0.4111111111111111 0.14739583333333334 0.23425925925925925
1 0.246875 0.14537037037037037 0.12083333333333333 0.17777777777777778
1 0.5138020833333333 0.29814814814814816 0.16197916666666667 0.2175925925925926
1 0.6796875 0.07824074074074074 0.10104166666666667 0.13055555555555556
1 0.7541666666666667 0.3189814814814815 0.16041666666666668 0.3527777777777778
1 0.9276041666666667 0.32222222222222224 0.121875 0.24814814814814815
1 0.9708333333333333 0.1587962962962963 0.058333333333333334 0.17962962962962964
0 0.32005208333333335 0.5824074074074074 0.071875 0.1259259259259259
0 0.46822916666666664 0.5027777777777778 0.08125 0.0962962962962963
0 0.45546875 0.6773148148148148 0.08385416666666666 0.18055555555555555
4 0.259375 0.899074074074074 0.052083333333333336 0.16111111111111112
4 0.10260416666666666 0.9449074074074074 0.058333333333333334 0.11018518518518519