1 0.246875 0.44473684210526315 0.1609375 0.16052631578947368
1 0.25 0.14736842105263157 0.175 0.15526315789473685
1 0.496875 0.3026315789473684 0.159375 0.19736842105263158
1 0.690625 0.09868421052631579 0.15625 0.1368421052631579
1 0.78046875 0.2881578947368421 0.1375 0.29210526315789476
1 0.90234375 0.3223684210526316 0.125 0.23157894736842105
1 0.95859375 0.15921052631578947 0.0828125 0.18157894736842106
3 0.25234375 0.2776315789473684 0.121875 0.09473684210526316
6 0.48515625 0.4355263157894737 0.1015625 0.10789473684210527
0 0.496875 0.6973684210526315 0.090625 0.18157894736842106
0 0.43515625 0.6078947368421053 0.0671875 0.08157894736842106
0 0.31875 0.6039473684210527 0.0765625 0.10526315789473684
6 0.23515625 0.5894736842105263 0.1078125 0.15789473684210525