3 0.26640625 0.4740740740740741 0.09114583333333333 0.08703703703703704
3 0.5497395833333333 0.5013888888888889 0.0859375 0.14166666666666666
6 0.46510416666666665 0.15092592592592594 0.0359375 0.09444444444444444
6 0.9776041666666667 0.4398148148148148 0.042708333333333334 0.09074074074074075
6 0.5057291666666667 0.21342592592592594 0.05520833333333333 0.1361111111111111
1 0.028385416666666666 0.3685185185185185 0.0484375 0.1425925925925926
1 0.2630208333333333 0.2810185185185185 0.1953125 0.27685185185185185
1 0.46848958333333335 0.07824074074074074 0.07864583333333333 0.08055555555555556
1 0.5557291666666667 0.12916666666666668 0.11770833333333333 0.225
1 0.6010416666666667 0.35509259259259257 0.190625 0.22685185185185186
0 0.8682291666666667 0.6898148148148148 0.096875 0.10555555555555556
4 0.89609375 0.7833333333333333 0.06197916666666667 0.13240740740740742
0 0.4278645833333333 0.9263888888888889 0.0421875 0.09722222222222222
0 0.48541666666666666 0.9388888888888889 0.06354166666666666 0.12222222222222222