3 0.37213541666666666 0.24722222222222223 0.08177083333333333 0.10185185185185185
6 0.5598958333333334 0.10833333333333334 0.10416666666666667 0.13055555555555556
1 0.24791666666666667 0.7134259259259259 0.09166666666666666 0.22685185185185186
1 0.33645833333333336 0.19305555555555556 0.07447916666666667 0.15555555555555556
1 0.5255208333333333 0.05185185185185185 0.13333333333333333 0.1037037037037037
3 0.31640625 0.7013888888888888 0.065625 0.11944444444444445
6 0.48776041666666664 0.8037037037037037 0.09583333333333334 0.1361111111111111
1 0.4356770833333333 0.8833333333333333 0.2140625 0.23333333333333334
0 0.6627604166666666 0.8518518518518519 0.06302083333333333 0.16018518518518518
1 0.6372395833333333 0.9541666666666667 0.0026041666666666665 0.007407407407407408
0 0.6205729166666667 0.7865740740740741 0.0734375 0.16296296296296298
4 0.6919270833333333 0.5800925925925926 0.08072916666666667 0.1398148148148148
0 0.5390625 0.6601851851851852 0.0765625 0.08981481481481482
4 0.7927083333333333 0.05925925925925926 0.07395833333333333 0.11851851851851852