6 0.37916666666666665 0.14351851851851852 0.03802083333333333 0.08703703703703704
6 0.7122395833333334 0.7555555555555555 0.14791666666666667 0.18888888888888888
3 0.8153645833333333 0.24351851851851852 0.0734375 0.10555555555555556
3 0.25729166666666664 0.6032407407407407 0.13697916666666668 0.1648148148148148
6 0.5799479166666667 0.30694444444444446 0.0828125 0.12685185185185185
1 0.008854166666666666 0.17222222222222222 0.017708333333333333 0.13796296296296295
1 0.22708333333333333 0.3902777777777778 0.1578125 0.22870370370370371
0 0.33151041666666664 0.3314814814814815 0.06458333333333334 0.1111111111111111
1 0.4153645833333333 0.11388888888888889 0.09322916666666667 0.14722222222222223
1 0.5552083333333333 0.21388888888888888 0.14739583333333334 0.23981481481481481
1 0.8197916666666667 0.10416666666666667 0.12447916666666667 0.16296296296296298
1 0.7208333333333333 0.5671296296296297 0.18385416666666668 0.3111111111111111
0 0.40572916666666664 0.9495370370370371 0.075 0.10092592592592593
0 0.05234375 0.21296296296296297 0.0515625 0.06018518518518518