3 0.6177083333333333 0.4949074074074074 0.10729166666666666 0.17777777777777778
3 0.2734375 0.6421296296296296 0.10520833333333333 0.09074074074074075
6 0.4981770833333333 0.38981481481481484 0.09791666666666667 0.14537037037037037
6 0.9552083333333333 0.35509259259259257 0.06822916666666666 0.12129629629629629
6 0.027864583333333335 0.6356481481481482 0.041666666666666664 0.17222222222222222
1 0.2872395833333333 0.45694444444444443 0.17708333333333334 0.29444444444444445
1 0.5192708333333333 0.2796296296296296 0.12083333333333333 0.1925925925925926
1 0.6651041666666667 0.32685185185185184 0.20416666666666666 0.3
1 0.9567708333333333 0.2671296296296296 0.08645833333333333 0.18055555555555555
4 0.8739583333333333 0.7638888888888888 0.059375 0.13055555555555556
0 0.51875 0.937037037037037 0.07760416666666667 0.1259259259259259
0 0.42630208333333336 0.9416666666666667 0.084375 0.11666666666666667
6 0.546875 0.05787037037037037 0.0609375 0.08888888888888889
1 0.5604166666666667 0.03518518518518519 0.09166666666666666 0.06851851851851852