6 0.12994791666666666 0.5958333333333333 0.05625 0.12314814814814815
6 0.4513020833333333 0.9481481481481482 0.046875 0.06388888888888888
3 0.7260416666666667 0.8606481481481482 0.05416666666666667 0.1111111111111111
0 0.7161458333333334 0.49166666666666664 0.09114583333333333 0.11666666666666667
0 0.6744791666666666 0.5712962962962963 0.09791666666666667 0.18333333333333332
4 0.9190104166666667 0.4787037037037037 0.04895833333333333 0.12222222222222222
1 0.3419270833333333 0.5898148148148148 0.20364583333333333 0.23333333333333334
1 0.14479166666666668 0.7388888888888889 0.14635416666666667 0.19814814814814816
0 0.48671875 0.799074074074074 0.05260416666666667 0.06574074074074074
1 0.70390625 0.9569444444444445 0.1484375 0.08611111111111111
1 0.45755208333333336 0.9814814814814815 0.09479166666666666 0.037037037037037035
4 0.13411458333333334 0.27546296296296297 0.09375 0.1425925925925926
3 0.9794270833333333 0.7189814814814814 0.04114583333333333 0.13425925925925927
1 0.9794270833333333 0.8333333333333334 0.04114583333333333 0.07962962962962963