6 0.5247395833333334 0.05925925925925926 0.03802083333333333 0.05925925925925926
3 0.42161458333333335 0.22268518518518518 0.0359375 0.08981481481481482
3 0.8541666666666666 0.24814814814814815 0.03854166666666667 0.12222222222222222
1 0.3888020833333333 0.17314814814814813 0.10625 0.1712962962962963
1 0.5098958333333333 0.03518518518518519 0.06770833333333333 0.07037037037037037
4 0.48776041666666664 0.2912037037037037 0.03333333333333333 0.08703703703703704
4 0.4046875 0.6435185185185185 0.044270833333333336 0.1361111111111111
4 0.4361979166666667 0.8087962962962963 0.0484375 0.14722222222222223
4 0.66875 0.7694444444444445 0.041666666666666664 0.09814814814814815
0 0.72890625 0.825925925925926 0.046875 0.1259259259259259
1 0.5424479166666667 0.17546296296296296 0.11822916666666666 0.19537037037037036
1 0.8979166666666667 0.2222222222222222 0.12083333333333333 0.24537037037037038