6 0.17083333333333334 0.2791666666666667 0.05520833333333333 0.09814814814814815
6 0.23880208333333333 0.3597222222222222 0.06822916666666666 0.11944444444444445
6 0.9333333333333333 0.3277777777777778 0.052083333333333336 0.11944444444444445
3 0.5231770833333333 0.1175925925925926 0.08177083333333333 0.12314814814814815
1 0.18125 0.1712962962962963 0.08333333333333333 0.15
1 0.2565104166666667 0.2833333333333333 0.10208333333333333 0.14444444444444443
1 0.5286458333333334 0.041666666666666664 0.14635416666666667 0.07592592592592592
1 0.6153645833333333 0.4981481481481482 0.20885416666666667 0.3888888888888889
1 0.9489583333333333 0.27037037037037037 0.10208333333333333 0.19444444444444445
1 0.9864583333333333 0.16342592592592592 0.021354166666666667 0.0962962962962963
4 0.9760416666666667 0.7384259259259259 0.04791666666666667 0.11018518518518519
4 0.22005208333333334 0.8013888888888889 0.12135416666666667 0.13796296296296295
0 0.23541666666666666 0.6782407407407407 0.07708333333333334 0.13240740740740742
0 0.31979166666666664 0.6162037037037037 0.1 0.13796296296296295
3 0.515625 0.6087962962962963 0.10260416666666666 0.18425925925925926