3 0.7341145833333333 0.22314814814814815 0.07708333333333334 0.08888888888888889
6 0.45260416666666664 0.13564814814814816 0.0421875 0.0962962962962963
1 0.10364583333333334 0.2833333333333333 0.0953125 0.1814814814814815
1 0.2520833333333333 0.175 0.10364583333333334 0.175
1 0.4708333333333333 0.08472222222222223 0.096875 0.1175925925925926
1 0.7440104166666667 0.09398148148148149 0.13645833333333332 0.18518518518518517
0 0.65390625 0.513425925925926 0.06666666666666667 0.09907407407407408
0 0.7489583333333333 0.5462962962962963 0.10364583333333334 0.12129629629629629
0 0.48385416666666664 0.3435185185185185 0.0640625 0.09814814814814815
0 0.4361979166666667 0.36944444444444446 0.0484375 0.0824074074074074
0 0.36015625 0.8009259259259259 0.06614583333333333 0.1675925925925926
0 0.9614583333333333 0.8898148148148148 0.046875 0.11666666666666667
4 0.9369791666666667 0.5310185185185186 0.05677083333333333 0.09722222222222222
4 0.9643229166666667 0.7236111111111111 0.03177083333333333 0.08703703703703704
6 0.24192708333333332 0.2851851851851852 0.06614583333333333 0.09907407407407408