3 0.17708333333333334 0.3388888888888889 0.06875 0.09814814814814815
6 0.6296875 0.1537037037037037 0.065625 0.1388888888888889
6 0.571875 0.6888888888888889 0.14791666666666667 0.2537037037037037
3 0.9666666666666667 0.23055555555555557 0.0625 0.13703703703703704
1 0.17291666666666666 0.2800925925925926 0.084375 0.11388888888888889
1 0.06380208333333333 0.5833333333333334 0.07760416666666667 0.17037037037037037
1 0.42213541666666665 0.1337962962962963 0.15520833333333334 0.24166666666666667
1 0.61171875 0.5351851851851852 0.23229166666666667 0.34074074074074073
0 0.6466145833333333 0.3296296296296296 0.06979166666666667 0.13796296296296295
1 0.6361979166666667 0.08842592592592592 0.0765625 0.13796296296296295
1 0.965625 0.14212962962962963 0.06875 0.13425925925925927
4 0.9197916666666667 0.7611111111111111 0.06041666666666667 0.13148148148148148
4 0.91171875 0.513425925925926 0.0375 0.062037037037037036