6 0.21614583333333334 0.31203703703703706 0.06354166666666666 0.08518518518518518
6 0.4473958333333333 0.1638888888888889 0.05520833333333333 0.07222222222222222
3 0.7580729166666667 0.20694444444444443 0.0921875 0.11944444444444445
1 0.09140625 0.3398148148148148 0.0984375 0.18333333333333332
1 0.2203125 0.16157407407407406 0.13020833333333334 0.14907407407407408
1 0.45677083333333335 0.09490740740740741 0.09270833333333334 0.08888888888888889
1 0.7705729166666667 0.0837962962962963 0.1578125 0.16018518518518518
0 0.42421875 0.3699074074074074 0.04895833333333333 0.07777777777777778
0 0.47994791666666664 0.3458333333333333 0.06979166666666667 0.11018518518518519
0 0.6731770833333334 0.5115740740740741 0.0609375 0.11944444444444445
0 0.765625 0.562962962962963 0.11666666666666667 0.17407407407407408
0 0.3572916666666667 0.8143518518518519 0.07447916666666667 0.16944444444444445
0 0.959375 0.8930555555555556 0.04583333333333333 0.14814814814814814