3 0.340625 0.1685185185185185 0.06041666666666667 0.11296296296296296
6 0.5255208333333333 0.04814814814814815 0.040625 0.06111111111111111
4 0.7471354166666667 0.9087962962962963 0.058854166666666666 0.125
0 0.4158854166666667 0.49444444444444446 0.0703125 0.14166666666666666
0 0.32083333333333336 0.7134259259259259 0.07760416666666667 0.1287037037037037
1 0.31979166666666664 0.0962962962962963 0.1 0.14814814814814814
1 0.5216145833333333 0.01898148148148148 0.090625 0.03796296296296296
1 0.8125 0.2162037037037037 0.10625 0.1712962962962963
4 0.49765625 0.25555555555555554 0.04583333333333333 0.10092592592592593
4 0.5356770833333333 0.2523148148148148 0.04635416666666667 0.10740740740740741
4 0.43671875 0.10694444444444444 0.0421875 0.06388888888888888
4 0.5901041666666667 0.39305555555555555 0.04375 0.09351851851851851