3 0.5380208333333333 0.2310185185185185 0.06458333333333334 0.1037037037037037
2 0.975 0.7157407407407408 0.03697916666666667 0.09074074074074075
1 0.01875 0.41388888888888886 0.0375 0.1712962962962963
1 0.15885416666666666 0.2212962962962963 0.11875 0.1814814814814815
3 0.16822916666666668 0.32314814814814813 0.0609375 0.05185185185185185
1 0.4109375 0.29259259259259257 0.16822916666666668 0.16296296296296298
1 0.40572916666666664 0.4962962962962963 0.22708333333333333 0.39814814814814814
0 0.13489583333333333 0.6087962962962963 0.06770833333333333 0.09907407407407408
1 0.5940104166666667 0.15231481481481482 0.12447916666666667 0.19166666666666668
1 0.9799479166666667 0.570212962962963 0.04010416666666667 0.15710185185185185
0 0.8174479166666667 0.925 0.078125 0.15