6 0.7359375 0.462037037037037 0.06979166666666667 0.16111111111111112
6 0.8192708333333333 0.3106481481481482 0.065625 0.09074074074074075
6 0.062239583333333334 0.3388888888888889 0.052083333333333336 0.11666666666666667
3 0.3763020833333333 0.5310185185185186 0.07239583333333334 0.1824074074074074
3 0.43072916666666666 0.15138888888888888 0.090625 0.12685185185185185
1 0.04635416666666667 0.26851851851851855 0.09166666666666666 0.17777777777777778
1 0.4161458333333333 0.05787037037037037 0.12291666666666666 0.11388888888888889
1 0.290625 0.42314814814814816 0.17708333333333334 0.31296296296296294
1 0.7333333333333333 0.28935185185185186 0.1046875 0.13240740740740742
1 0.78984375 0.18425925925925926 0.10989583333333333 0.13148148148148148
0 0.65546875 0.6333333333333333 0.07760416666666667 0.13518518518518519
0 0.7200520833333334 0.6925925925925925 0.0984375 0.13703703703703704
4 0.82421875 0.7328703703703704 0.11927083333333334 0.20462962962962963
4 0.5315104166666667 0.6638888888888889 0.04791666666666667 0.11666666666666667
6 0.9786458333333333 0.6555555555555556 0.042708333333333334 0.14814814814814814