3 0.9609375 0.2361111111111111 0.040625 0.0962962962962963
3 0.1640625 0.34074074074074073 0.04479166666666667 0.06481481481481481
6 0.38385416666666666 0.19537037037037036 0.07604166666666666 0.13703703703703704
1 0.06692708333333333 0.5740740740740741 0.0734375 0.17685185185185184
1 0.15911458333333334 0.2912037037037037 0.0953125 0.08703703703703704
1 0.39479166666666665 0.09675925925925925 0.121875 0.16666666666666666
1 0.6192708333333333 0.10694444444444444 0.15416666666666667 0.2
1 0.6302083333333334 0.4550925925925926 0.2140625 0.3648148148148148
1 0.9526041666666667 0.17037037037037037 0.09479166666666666 0.16018518518518518
0 0.3333333333333333 0.5523148148148148 0.0546875 0.1824074074074074
0 0.9526041666666667 0.774074074074074 0.053125 0.1259259259259259
0 0.37838541666666664 0.9601851851851851 0.09947916666666666 0.0787037037037037