3 0.03177083333333333 0.2351851851851852 0.034375 0.08703703703703704
3 0.49322916666666666 0.15092592592592594 0.078125 0.12962962962962962
6 0.7276041666666667 0.40185185185185185 0.05520833333333333 0.09074074074074075
1 0.02578125 0.17314814814814813 0.0515625 0.18333333333333332
1 0.3848958333333333 0.5064814814814815 0.19947916666666668 0.4185185185185185
1 0.50390625 0.06018518518518518 0.1421875 0.12037037037037036
1 0.8018229166666667 0.20462962962962963 0.0953125 0.1787037037037037
1 0.7653645833333333 0.33425925925925926 0.1265625 0.20277777777777778
0 0.6799479166666667 0.6018518518518519 0.084375 0.17037037037037037
0 0.7479166666666667 0.6833333333333333 0.09895833333333333 0.19166666666666668
0 0.5221354166666666 0.4185185185185185 0.08489583333333334 0.2361111111111111
4 0.10885416666666667 0.5231481481481481 0.05677083333333333 0.10555555555555556
4 0.9151041666666667 0.7800925925925926 0.07916666666666666 0.1259259259259259
0 0.6106770833333334 0.6185185185185185 0.06770833333333333 0.1361111111111111