3 0.6447916666666667 0.16944444444444445 0.058333333333333334 0.11481481481481481
6 0.47291666666666665 0.04259259259259259 0.05416666666666667 0.06851851851851852
3 0.39947916666666666 0.11666666666666667 0.04895833333333333 0.08703703703703704
4 0.19791666666666666 0.8462962962962963 0.04739583333333333 0.09722222222222222
4 0.4161458333333333 0.4009259259259259 0.03958333333333333 0.07777777777777778
4 0.48854166666666665 0.24027777777777778 0.03854166666666667 0.10185185185185185
4 0.5106770833333333 0.20185185185185187 0.033854166666666664 0.10555555555555556
0 0.58203125 0.5064814814814815 0.07604166666666666 0.14629629629629629
0 0.6703125 0.7143518518518519 0.08229166666666667 0.1425925925925926
1 0.6846354166666667 0.08981481481481482 0.11458333333333333 0.12777777777777777
1 0.2015625 0.2569444444444444 0.10989583333333333 0.18425925925925926
1 0.40572916666666664 0.0699074074074074 0.07447916666666667 0.08888888888888889