6 0.40572916666666664 0.28425925925925927 0.0765625 0.14166666666666666
6 0.5598958333333334 0.11203703703703703 0.040625 0.1111111111111111
3 0.9674479166666666 0.2708333333333333 0.041666666666666664 0.11481481481481481
1 0.0375 0.4023148148148148 0.075 0.17314814814814813
1 0.24895833333333334 0.2523148148148148 0.11458333333333333 0.14444444444444443
1 0.2359375 0.48009259259259257 0.17552083333333332 0.3101851851851852
1 0.40234375 0.17916666666666667 0.12291666666666666 0.1712962962962963
1 0.5640625 0.05694444444444444 0.0890625 0.1111111111111111
1 0.9708333333333333 0.20046296296296295 0.058333333333333334 0.1574074074074074
4 0.9854166666666667 0.7898148148148149 0.029166666666666667 0.12685185185185185
0 0.53359375 0.26296296296296295 0.0453125 0.13518518518518519
0 0.5799479166666667 0.28425925925925927 0.06145833333333333 0.12222222222222222
0 0.5231770833333333 0.5972222222222222 0.059375 0.1675925925925926
4 0.55546875 0.9657407407407408 0.06822916666666666 0.06851851851851852