3 0.39557291666666666 0.5148148148148148 0.11822916666666666 0.1648148148148148
6 0.0890625 0.30092592592592593 0.06145833333333333 0.11481481481481481
6 0.44765625 0.06481481481481481 0.03958333333333333 0.08518518518518518
1 0.07109375 0.22592592592592592 0.11666666666666667 0.17222222222222222
1 0.37838541666666664 0.1699074074074074 0.14114583333333333 0.1527777777777778
1 0.35104166666666664 0.3476851851851852 0.190625 0.22962962962962963
1 0.7619791666666667 0.3800925925925926 0.22083333333333333 0.28888888888888886
1 0.4434895833333333 0.022222222222222223 0.09427083333333333 0.044444444444444446
3 0.74453125 0.5898148148148148 0.11979166666666667 0.14074074074074075
4 0.15729166666666666 0.6208333333333333 0.08072916666666667 0.1037037037037037
0 0.47239583333333335 0.9416666666666667 0.06875 0.11666666666666667
0 0.578125 0.9481481481481482 0.0890625 0.1037037037037037
6 0.9723958333333333 0.7101851851851851 0.05520833333333333 0.18425925925925926