6 0.044270833333333336 0.3277777777777778 0.06145833333333333 0.10740740740740741
3 0.2552083333333333 0.6574074074074074 0.115625 0.14722222222222223
3 0.5401041666666667 0.32175925925925924 0.06458333333333334 0.14166666666666666
1 0.03671875 0.25092592592592594 0.0734375 0.16018518518518518
1 0.24322916666666666 0.4634259259259259 0.19375 0.25833333333333336
1 0.47578125 0.10694444444444444 0.09635416666666667 0.175
1 0.5973958333333333 0.1648148148148148 0.18645833333333334 0.29074074074074074
1 0.8166666666666667 0.2722222222222222 0.11145833333333334 0.19074074074074074
1 0.95390625 0.38657407407407407 0.08697916666666666 0.17314814814814813
6 0.47890625 0.22870370370370371 0.07135416666666666 0.09722222222222222
6 0.8122395833333333 0.37777777777777777 0.06041666666666667 0.1111111111111111
6 0.9182291666666667 0.4930555555555556 0.05416666666666667 0.10833333333333334
0 0.13671875 0.47175925925925927 0.07083333333333333 0.15833333333333333
0 0.46067708333333335 0.9634259259259259 0.11197916666666667 0.07314814814814814
0 0.4309895833333333 0.7435185185185185 0.06614583333333333 0.10925925925925926