6 0.16171875 0.7611111111111111 0.12135416666666667 0.20185185185185187
3 0.24583333333333332 0.24027777777777778 0.0828125 0.13796296296296295
6 0.49114583333333334 0.4148148148148148 0.10260416666666666 0.14444444444444443
1 0.2526041666666667 0.11851851851851852 0.11875 0.16111111111111112
1 0.49973958333333335 0.275 0.12708333333333333 0.1648148148148148
1 0.8111979166666666 0.1476851851851852 0.09010416666666667 0.15092592592592594
1 0.9723958333333333 0.18935185185185185 0.05520833333333333 0.1675925925925926
1 0.8276041666666667 0.33611111111111114 0.14322916666666666 0.31851851851851853
1 0.13932291666666666 0.5680555555555555 0.19739583333333333 0.27037037037037037
0 0.30052083333333335 0.6203703703703703 0.07916666666666666 0.17037037037037037
0 0.42213541666666665 0.6472222222222223 0.071875 0.10740740740740741
0 0.5065104166666666 0.687037037037037 0.0953125 0.1925925925925926