6 0.11692708333333333 0.6393518518518518 0.09635416666666667 0.17407407407407408
3 0.43125 0.41064814814814815 0.0859375 0.15092592592592594
3 0.5080729166666667 0.09907407407407408 0.057291666666666664 0.058333333333333334
3 0.7458333333333333 0.1925925925925926 0.0921875 0.13148148148148148
1 0.09348958333333333 0.5125 0.140625 0.2824074074074074
1 0.16328125 0.3907407407407407 0.09635416666666667 0.1925925925925926
1 0.41796875 0.10324074074074074 0.10572916666666667 0.15462962962962962
1 0.50078125 0.03333333333333333 0.08385416666666666 0.06666666666666667
1 0.7408854166666666 0.06018518518518518 0.140625 0.12037037037037036
0 0.7432291666666667 0.6393518518518518 0.13802083333333334 0.23981481481481481
0 0.4 0.8444444444444444 0.06979166666666667 0.15
4 0.5598958333333334 0.060648148148148145 0.06302083333333333 0.11944444444444445
0 0.3377604166666667 0.5560185185185185 0.059895833333333336 0.12222222222222222
1 0.46380208333333334 0.2740740740740741 0.15520833333333334 0.225
0 0.8815104166666666 0.8027777777777778 0.046875 0.11018518518518519
4 0.31223958333333335 0.8740740740740741 0.0921875 0.1037037037037037