3 0.5614583333333333 0.15601851851851853 0.059895833333333336 0.11018518518518519
3 0.24036458333333333 0.3662037037037037 0.06354166666666666 0.10092592592592593
6 0.39427083333333335 0.7125 0.10885416666666667 0.09074074074074075
1 0.5372395833333333 0.08009259259259259 0.10104166666666667 0.1388888888888889
1 0.21770833333333334 0.33564814814814814 0.1078125 0.2
1 0.35208333333333336 0.5675925925925925 0.19583333333333333 0.287962962962963
1 0.8643229166666667 0.22083333333333333 0.12291666666666666 0.19907407407407407
1 0.9872395833333333 0.20462962962962963 0.025520833333333333 0.12407407407407407
3 0.9846354166666667 0.3138888888888889 0.030729166666666665 0.10740740740740741
4 0.98359375 0.7763888888888889 0.0328125 0.13796296296296295
4 0.603125 0.030555555555555555 0.08697916666666666 0.06111111111111111
4 0.73671875 0.5189814814814815 0.0796875 0.09722222222222222
0 0.5005208333333333 0.8018518518518518 0.09322916666666667 0.10740740740740741
0 0.6388020833333333 0.6351851851851852 0.050520833333333334 0.14444444444444443
0 0.47682291666666665 0.6847222222222222 0.06666666666666667 0.13240740740740742
0 0.48854166666666665 0.9046296296296297 0.10572916666666667 0.17777777777777778