3 0.71484375 0.487962962962963 0.09791666666666667 0.1527777777777778
6 0.840625 0.3101851851851852 0.0609375 0.08148148148148149
1 0.022916666666666665 0.41712962962962963 0.04583333333333333 0.21481481481481482
1 0.15572916666666667 0.4666666666666667 0.13697916666666668 0.23425925925925925
1 0.31171875 0.32546296296296295 0.11197916666666667 0.1175925925925926
1 0.3578125 0.5148148148148148 0.23541666666666666 0.3731481481481482
1 0.721875 0.31527777777777777 0.14375 0.1962962962962963
1 0.8260416666666667 0.19537037037037036 0.11614583333333334 0.16018518518518518
1 0.9786458333333333 0.16898148148148148 0.042708333333333334 0.175
1 0.93828125 0.7962962962962963 0.07708333333333334 0.17685185185185184
4 0.8973958333333333 0.5259259259259259 0.040625 0.08703703703703704