3 0.19322916666666667 0.30648148148148147 0.059375 0.06666666666666667
6 0.5661458333333333 0.1175925925925926 0.059375 0.07777777777777778
3 0.9583333333333334 0.2601851851851852 0.05625 0.0962962962962963
6 0.5598958333333334 0.4824074074074074 0.109375 0.14074074074074075
6 0.3078125 0.6212962962962963 0.11770833333333333 0.12962962962962962
1 0.178125 0.24351851851851852 0.0734375 0.13333333333333333
1 0.2911458333333333 0.44212962962962965 0.18541666666666667 0.2712962962962963
1 0.5671875 0.2861111111111111 0.1890625 0.23703703703703705
1 0.5635416666666667 0.05277777777777778 0.09479166666666666 0.09074074074074075
1 0.6721354166666667 0.058333333333333334 0.12760416666666666 0.11666666666666667
1 0.9604166666666667 0.17731481481481481 0.07916666666666666 0.1175925925925926
4 0.9671875 0.7615740740740741 0.065625 0.11388888888888889
4 0.46640625 0.9787037037037037 0.1015625 0.04259259259259259