3 0.2296875 0.30416666666666664 0.058333333333333334 0.10648148148148148
6 0.4153645833333333 0.2796296296296296 0.07239583333333334 0.14351851851851852
6 0.55859375 0.11805555555555555 0.06197916666666667 0.10185185185185185
3 0.97578125 0.25972222222222224 0.04739583333333333 0.125
1 0.9768229166666667 0.1935185185185185 0.04635416666666667 0.1259259259259259
1 0.5703125 0.06851851851851852 0.08385416666666666 0.09259259259259259
1 0.24010416666666667 0.23333333333333334 0.08645833333333333 0.15
1 0.037760416666666664 0.4337962962962963 0.07447916666666667 0.18055555555555555
1 0.40286458333333336 0.17037037037037037 0.12447916666666667 0.1962962962962963
4 0.46041666666666664 0.6504629629629629 0.09010416666666667 0.08981481481481482
4 0.534375 0.40185185185185185 0.19947916666666668 0.2935185185185185
0 0.53203125 0.22407407407407406 0.04895833333333333 0.06944444444444445
0 0.5848958333333333 0.2675925925925926 0.06145833333333333 0.10185185185185185
4 0.9838541666666667 0.7731481481481481 0.03229166666666667 0.11203703703703703