6 0.13203125 0.6231481481481481 0.07135416666666666 0.1287037037037037
3 0.4669270833333333 0.8180555555555555 0.0796875 0.09444444444444444
3 0.5645833333333333 0.5194444444444445 0.103125 0.15185185185185185
6 0.9536458333333333 0.6337962962962963 0.07760416666666667 0.09259259259259259
0 0.34010416666666665 0.1125 0.08541666666666667 0.19814814814814816
0 0.4981770833333333 0.13425925925925927 0.075 0.16203703703703703
0 0.8247395833333333 0.1648148148148148 0.06510416666666667 0.16666666666666666
1 0.9723958333333333 0.7550925925925925 0.05520833333333333 0.275
1 0.6390625 0.6638888888888889 0.18645833333333334 0.362962962962963
1 0.4744791666666667 0.9277777777777778 0.16666666666666666 0.13148148148148148
1 0.13098958333333333 0.7615740740740741 0.14947916666666666 0.175
0 0.49765625 0.5611111111111111 0.08072916666666667 0.1814814814814815
1 0.020572916666666666 0.5226851851851851 0.04114583333333333 0.22870370370370371