6 0.3919270833333333 0.13194444444444445 0.033854166666666664 0.125
6 0.5083333333333333 0.07916666666666666 0.04791666666666667 0.10277777777777777
4 0.4005208333333333 0.2912037037037037 0.07083333333333333 0.11203703703703703
4 0.66328125 0.9018518518518519 0.0828125 0.08518518518518518
4 0.9401041666666666 0.5467592592592593 0.059375 0.1037037037037037
0 0.5567708333333333 0.21712962962962962 0.078125 0.14907407407407408
0 0.5002604166666667 0.23425925925925925 0.04791666666666667 0.12777777777777777
1 0.39765625 0.06898148148148148 0.06510416666666667 0.075
1 0.5119791666666667 0.038425925925925926 0.071875 0.07685185185185185
1 0.16770833333333332 0.4777777777777778 0.12916666666666668 0.2740740740740741
1 0.25364583333333335 0.36157407407407405 0.08958333333333333 0.22685185185185186
1 0.3450520833333333 0.4652777777777778 0.1890625 0.36018518518518516