6 0.0234375 0.3625 0.04583333333333333 0.10648148148148148
6 0.46458333333333335 0.15648148148148147 0.052083333333333336 0.12037037037037036
6 0.9669270833333333 0.6518518518518519 0.0484375 0.14722222222222223
3 0.22760416666666666 0.662962962962963 0.1265625 0.17407407407407408
3 0.31536458333333334 0.28055555555555556 0.07239583333333334 0.13796296296296295
1 0.028645833333333332 0.2449074074074074 0.057291666666666664 0.1675925925925926
1 0.3138020833333333 0.13518518518518519 0.15416666666666667 0.23055555555555557
1 0.48671875 0.06805555555555555 0.11145833333333334 0.13425925925925927
1 0.215625 0.4634259259259259 0.17708333333333334 0.2953703703703704
1 0.8947916666666667 0.40555555555555556 0.12916666666666668 0.1925925925925926
1 0.9630208333333333 0.5157407407407407 0.07395833333333333 0.2388888888888889
4 0.61484375 0.12453703703703704 0.04791666666666667 0.1361111111111111
4 0.8565104166666667 0.8023148148148148 0.08333333333333333 0.18981481481481483
0 0.49244791666666665 0.7717592592592593 0.09791666666666667 0.23333333333333334
0 0.5736979166666667 0.6782407407407407 0.06979166666666667 0.14537037037037037
0 0.10026041666666667 0.5078703703703704 0.06041666666666667 0.1685185185185185
4 0.08697916666666666 0.7069444444444445 0.0546875 0.14074074074074075