3 0.6447916666666667 0.16944444444444445 0.058333333333333334 0.11481481481481481
6 0.47291666666666665 0.04259259259259259 0.05416666666666667 0.06851851851851852
3 0.39947916666666666 0.11666666666666667 0.04895833333333333 0.08703703703703704
1 0.2015625 0.2564814814814815 0.13802083333333334 0.17777777777777778
1 0.40130208333333334 0.06712962962962964 0.06510416666666667 0.0824074074074074
1 0.6841145833333333 0.10324074074074074 0.11041666666666666 0.12962962962962962
0 0.58671875 0.5115740740740741 0.07864583333333333 0.14537037037037037
0 0.6755208333333333 0.7087962962962963 0.065625 0.175
4 0.4231770833333333 0.4060185185185185 0.05364583333333333 0.075
4 0.19765625 0.8476851851851852 0.0578125 0.10648148148148148
4 0.49244791666666665 0.24444444444444444 0.028645833333333332 0.08518518518518518
4 0.5140625 0.1935185185185185 0.033854166666666664 0.10185185185185185