6 0.375 0.26157407407407407 0.08020833333333334 0.15925925925925927
6 0.55625 0.1175925925925926 0.0453125 0.09814814814814815
6 0.6565104166666667 0.5 0.10885416666666667 0.13518518518518519
1 0.11354166666666667 0.3162037037037037 0.10104166666666667 0.19814814814814816
1 0.21067708333333332 0.22962962962962963 0.09375 0.1361111111111111
1 0.3614583333333333 0.1550925925925926 0.128125 0.1787037037037037
1 0.5729166666666666 0.07175925925925926 0.07135416666666666 0.10648148148148148
1 0.6684895833333333 0.34074074074074073 0.14166666666666666 0.2351851851851852
0 0.5283854166666667 0.2513888888888889 0.05572916666666667 0.10555555555555556
0 0.5864583333333333 0.26666666666666666 0.05364583333333333 0.1111111111111111
0 0.40520833333333334 0.6597222222222222 0.08697916666666666 0.12037037037037036
0 0.47760416666666666 0.6134259259259259 0.07916666666666666 0.16296296296296298
0 0.98671875 0.7824074074074074 0.0265625 0.10462962962962963
4 0.9768229166666667 0.7300925925925926 0.04635416666666667 0.08055555555555556