3 0.2015625 0.34444444444444444 0.059375 0.053703703703703705
3 0.5755208333333334 0.25277777777777777 0.071875 0.1259259259259259
6 0.8317708333333333 0.25 0.059375 0.08703703703703704
0 0.6333333333333333 0.7648148148148148 0.057291666666666664 0.14444444444444443
0 0.15 0.5648148148148148 0.0765625 0.14537037037037037
0 0.22291666666666668 0.8361111111111111 0.10416666666666667 0.18333333333333332
1 0.8190104166666666 0.15833333333333333 0.1140625 0.17222222222222222
1 0.5375 0.15648148148148147 0.14479166666666668 0.23703703703703705
1 0.29192708333333334 0.5712962962962963 0.25625 0.38796296296296295
1 0.18098958333333334 0.24351851851851852 0.128125 0.1824074074074074
1 0.024739583333333332 0.42314814814814816 0.049479166666666664 0.21481481481481482
4 0.84921875 0.6689814814814815 0.044270833333333336 0.11388888888888889
4 0.90078125 0.6550925925925926 0.029166666666666667 0.07962962962962963