3 0.28671875 0.3425925925925926 0.0828125 0.1259259259259259
3 0.5348958333333333 0.16527777777777777 0.07760416666666667 0.14166666666666666
3 0.5651041666666666 0.03935185185185185 0.042708333333333334 0.0712962962962963
6 0.8442708333333333 0.45416666666666666 0.13489583333333333 0.21388888888888888
3 0.9802083333333333 0.274537037037037 0.035416666666666666 0.13425925925925927
1 0.2716145833333333 0.28564814814814815 0.09739583333333333 0.1675925925925926
1 0.3578125 0.6462962962962963 0.20052083333333334 0.3731481481481482
1 0.8526041666666667 0.32685185185185184 0.16979166666666667 0.22592592592592592
1 0.98125 0.1736111111111111 0.0375 0.1287037037037037
1 0.5278645833333333 0.07083333333333333 0.10364583333333334 0.10833333333333334
0 0.5203125 0.6208333333333333 0.06770833333333333 0.1527777777777778
0 0.640625 0.6268518518518519 0.05416666666666667 0.14074074074074075
0 0.5080729166666667 0.8537037037037037 0.1015625 0.08148148148148149
4 0.53203125 0.9314814814814815 0.1296875 0.13703703703703704
4 0.7005208333333334 0.8310185185185185 0.06614583333333333 0.1361111111111111
4 0.78203125 0.7958333333333333 0.09114583333333333 0.1814814814814815
4 0.9828125 0.7796296296296297 0.034375 0.10185185185185185