1 0.16328125 0.45789473684210524 0.1171875 0.20526315789473684
1 0.3671875 0.5026315789473684 0.23125 0.3868421052631579
1 0.52578125 0.225 0.1609375 0.2
1 0.853125 0.23026315789473684 0.1109375 0.2
1 0.3 0.3473684210526316 0.121875 0.1394736842105263
1 0.03125 0.43157894736842106 0.0625 0.20526315789473684
4 0.89609375 0.5368421052631579 0.0546875 0.1368421052631579
0 0.91484375 0.7960526315789473 0.0984375 0.14210526315789473
3 0.49375 0.3631578947368421 0.090625 0.12894736842105264
0 0.646875 0.9486842105263158 0.09375 0.10263157894736842
0 0.0390625 0.5381578947368421 0.0671875 0.1631578947368421