6 0.5890625 0.15462962962962962 0.05416666666666667 0.09074074074074075
6 0.40520833333333334 0.5277777777777778 0.109375 0.11481481481481481
3 0.28984375 0.4162037037037037 0.0703125 0.11944444444444445
3 0.07942708333333333 0.4949074074074074 0.09114583333333333 0.1814814814814815
3 0.96953125 0.2518518518518518 0.05416666666666667 0.1037037037037037
1 0.052083333333333336 0.4273148148148148 0.103125 0.2351851851851852
1 0.28125 0.3087962962962963 0.11041666666666666 0.1712962962962963
1 0.42135416666666664 0.3578703703703704 0.18229166666666666 0.25092592592592594
1 0.4203125 0.037037037037037035 0.08229166666666667 0.07222222222222222
1 0.6140625 0.08842592592592592 0.11614583333333334 0.08888888888888889
1 0.9700520833333334 0.17916666666666667 0.05364583333333333 0.12129629629629629
4 0.9083333333333333 0.5481481481481482 0.0515625 0.11296296296296296
4 0.3846354166666667 0.6467592592592593 0.08385416666666666 0.16203703703703703
0 0.23619791666666667 0.8462962962962963 0.07552083333333333 0.1712962962962963
0 0.19869791666666667 0.9449074074074074 0.14322916666666666 0.11018518518518519
0 0.571875 0.3675925925925926 0.06666666666666667 0.09074074074074075
0 0.65 0.3074074074074074 0.07708333333333334 0.17407407407407408