6 0.5895833333333333 0.13842592592592592 0.042708333333333334 0.1
3 0.29661458333333335 0.399537037037037 0.0625 0.11574074074074074
3 0.09270833333333334 0.5712962962962963 0.07552083333333333 0.10740740740740741
3 0.9643229166666667 0.24166666666666667 0.0328125 0.10185185185185185
1 0.07239583333333334 0.4148148148148148 0.13020833333333334 0.19814814814814816
0 0.24010416666666667 0.8694444444444445 0.065625 0.15
0 0.17994791666666668 0.9527777777777777 0.10885416666666667 0.09444444444444444
4 0.37109375 0.6587962962962963 0.0953125 0.17962962962962964
1 0.2942708333333333 0.30648148148148147 0.09791666666666667 0.16018518518518518
1 0.41848958333333336 0.362962962962963 0.19010416666666666 0.27314814814814814
0 0.628125 0.3050925925925926 0.07447916666666667 0.17037037037037037
0 0.5575520833333333 0.34629629629629627 0.058333333333333334 0.09259259259259259
1 0.60703125 0.09907407407407408 0.09114583333333333 0.14629629629629629
1 0.9697916666666667 0.16203703703703703 0.06041666666666667 0.16296296296296298
4 0.9052083333333333 0.5115740740740741 0.03854166666666667 0.10833333333333334
4 0.925 0.5541666666666667 0.07291666666666667 0.10092592592592593
4 0.44479166666666664 0.9726851851851852 0.090625 0.05462962962962963