1 0.7671875 0.19473684210526315 0.15 0.15789473684210525
1 0.440625 0.6171052631578947 0.290625 0.3973684210526316
1 0.33515625 0.36578947368421055 0.1859375 0.21052631578947367
1 0.2125 0.18157894736842106 0.1421875 0.14736842105263157
1 0.9640625 0.1723684210526316 0.071875 0.16578947368421051
1 0.91328125 0.3618421052631579 0.1359375 0.2236842105263158
3 0.790625 0.30657894736842106 0.1015625 0.12105263157894737
3 0.19609375 0.3131578947368421 0.0859375 0.11578947368421053
6 0.03515625 0.5539473684210526 0.0703125 0.16578947368421051
4 0.1171875 0.7210526315789474 0.0953125 0.14210526315789473
0 0.1546875 0.6 0.0484375 0.09210526315789473
0 0.19609375 0.6355263157894737 0.071875 0.13421052631578947