3 0.35104166666666664 0.2 0.075 0.10555555555555556
6 0.7625 0.28703703703703703 0.058333333333333334 0.10185185185185185
1 0.020572916666666666 0.16157407407407406 0.04114583333333333 0.17314814814814813
1 0.13359375 0.2851851851851852 0.14427083333333332 0.24814814814814815
1 0.33645833333333336 0.08703703703703704 0.13697916666666668 0.17407407407407408
1 0.42890625 0.1050925925925926 0.09322916666666667 0.15833333333333333
1 0.7924479166666667 0.21898148148148147 0.09739583333333333 0.19537037037037036
1 0.9489583333333333 0.38842592592592595 0.09479166666666666 0.22592592592592592
0 0.48723958333333334 0.35324074074074074 0.059895833333333336 0.12407407407407407
0 0.6942708333333333 0.700925925925926 0.08541666666666667 0.14074074074074075
0 0.46015625 0.6726851851851852 0.0515625 0.17685185185185184
0 0.053125 0.8851851851851852 0.05260416666666667 0.1388888888888889
4 0.32916666666666666 0.888425925925926 0.0703125 0.16944444444444445