6 0.4140625 0.14166666666666666 0.052083333333333336 0.09814814814814815
6 0.7067708333333333 0.39444444444444443 0.05677083333333333 0.0824074074074074
3 0.9088541666666666 0.49675925925925923 0.06770833333333333 0.1527777777777778
3 0.033854166666666664 0.2523148148148148 0.036458333333333336 0.09259259259259259
0 0.34739583333333335 0.30787037037037035 0.06145833333333333 0.14444444444444443
0 0.43046875 0.36435185185185187 0.050520833333333334 0.09722222222222222
0 0.7645833333333333 0.8453703703703703 0.07447916666666667 0.1398148148148148
0 0.8161458333333333 0.950925925925926 0.1171875 0.09814814814814815
0 0.6072916666666667 0.812037037037037 0.05572916666666667 0.14074074074074075
4 0.6138020833333333 0.6226851851851852 0.084375 0.14444444444444443
4 0.09375 0.5439814814814815 0.0546875 0.10462962962962963
1 0.9434895833333333 0.4050925925925926 0.10833333333333334 0.23425925925925925
1 0.7125 0.32037037037037036 0.09739583333333333 0.15648148148148147
1 0.5807291666666666 0.36712962962962964 0.1671875 0.2814814814814815
1 0.38697916666666665 0.08796296296296297 0.10260416666666666 0.10648148148148148
1 0.5763020833333333 0.03888888888888889 0.07864583333333333 0.07777777777777778
1 0.02734375 0.1726851851851852 0.0546875 0.12129629629629629