6 0.05390625 0.4597222222222222 0.07864583333333333 0.1685185185185185
6 0.39140625 0.20092592592592592 0.058333333333333334 0.13425925925925927
3 0.4317708333333333 0.40324074074074073 0.096875 0.13796296296296295
3 0.4901041666666667 0.08935185185185185 0.04583333333333333 0.08888888888888889
3 0.7372395833333333 0.1726851851851852 0.0890625 0.14537037037037037
1 0.04088541666666667 0.41574074074074074 0.08177083333333333 0.23703703703703705
1 0.16276041666666666 0.4439814814814815 0.08802083333333334 0.20092592592592592
1 0.4236979166666667 0.09907407407407408 0.1171875 0.15833333333333333
1 0.48333333333333334 0.03935185185185185 0.090625 0.0787037037037037
1 0.48359375 0.2574074074074074 0.178125 0.22870370370370371
1 0.7229166666666667 0.06759259259259259 0.1390625 0.13518518518518519
0 0.7671875 0.8212962962962963 0.09947916666666666 0.15925925925925927
0 0.3927083333333333 0.9037037037037037 0.065625 0.18796296296296297
0 0.3455729166666667 0.5560185185185185 0.0859375 0.13425925925925927
4 0.20755208333333333 0.7708333333333334 0.08385416666666666 0.08333333333333333
4 0.5447916666666667 0.06666666666666667 0.05364583333333333 0.1
0 0.884375 0.7870370370370371 0.04583333333333333 0.13333333333333333