3 0.9606770833333333 0.25555555555555554 0.04739583333333333 0.09814814814814815
6 0.5684895833333333 0.12222222222222222 0.052083333333333336 0.09444444444444444
6 0.70234375 0.37037037037037035 0.0609375 0.14629629629629629
1 0.2950520833333333 0.25416666666666665 0.07864583333333333 0.16111111111111112
1 0.44973958333333336 0.04351851851851852 0.06510416666666667 0.08703703703703704
1 0.5653645833333333 0.06342592592592593 0.06354166666666666 0.09351851851851851
1 0.74765625 0.2574074074074074 0.15052083333333333 0.22962962962962963
1 0.9716145833333333 0.17037037037037037 0.05677083333333333 0.1425925925925926
3 0.346875 0.2722222222222222 0.0328125 0.11666666666666667
0 0.48854166666666665 0.4981481481481482 0.052083333333333336 0.10555555555555556
0 0.41822916666666665 0.45787037037037037 0.05416666666666667 0.09907407407407408
0 0.3419270833333333 0.763425925925926 0.09583333333333334 0.13518518518518519
0 0.5494791666666666 0.2625 0.0421875 0.1287037037037037
0 0.6125 0.2587962962962963 0.05 0.1398148148148148
4 0.6994791666666667 0.5064814814814815 0.06145833333333333 0.12222222222222222
4 0.92734375 0.8069444444444445 0.059895833333333336 0.14351851851851852
4 0.4953125 0.11527777777777778 0.034375 0.08055555555555556
4 0.5263020833333333 0.11944444444444445 0.030208333333333334 0.06481481481481481