3 0.24010416666666667 0.39351851851851855 0.084375 0.1175925925925926
6 0.3653645833333333 0.6796296296296296 0.13802083333333334 0.19074074074074074
3 0.5565104166666667 0.15601851851851853 0.08177083333333333 0.13055555555555556
6 0.8174479166666667 0.2814814814814815 0.058854166666666666 0.18888888888888888
3 0.97734375 0.2833333333333333 0.03802083333333333 0.1537037037037037
1 0.20677083333333332 0.34120370370370373 0.09270833333333334 0.20462962962962963
1 0.33541666666666664 0.5634259259259259 0.19427083333333334 0.30462962962962964
1 0.54609375 0.08935185185185185 0.10885416666666667 0.1574074074074074
1 0.8661458333333333 0.22777777777777777 0.13072916666666667 0.24351851851851852
1 0.9846354166666667 0.18333333333333332 0.030729166666666665 0.11296296296296296
4 0.9786458333333333 0.7828703703703703 0.042708333333333334 0.10092592592592593
4 0.6770833333333334 0.03333333333333333 0.0578125 0.06666666666666667
0 0.4778645833333333 0.6925925925925925 0.06927083333333334 0.1
0 0.6385416666666667 0.6263888888888889 0.06041666666666667 0.12129629629629629
0 0.49505208333333334 0.7685185185185185 0.12083333333333333 0.10925925925925926
0 0.4861979166666667 0.8935185185185185 0.0984375 0.20555555555555555