6 0.43645833333333334 0.1574074074074074 0.046875 0.1037037037037037
6 0.7411458333333333 0.4449074074074074 0.09895833333333333 0.17592592592592593
1 0.021354166666666667 0.5800925925925926 0.041666666666666664 0.22592592592592592
1 0.09270833333333334 0.4476851851851852 0.1078125 0.21481481481481482
1 0.45078125 0.0875 0.09791666666666667 0.1111111111111111
1 0.5838541666666667 0.07407407407407407 0.1421875 0.13425925925925927
1 0.7536458333333333 0.3199074074074074 0.15885416666666666 0.2324074074074074
0 0.65 0.5009259259259259 0.05572916666666667 0.16666666666666666
0 0.9565104166666667 0.874537037037037 0.05416666666666667 0.16018518518518518
4 0.9528645833333333 0.5083333333333333 0.043229166666666666 0.08888888888888889
4 0.6049479166666667 0.7833333333333333 0.06302083333333333 0.13240740740740742
4 0.66171875 0.9027777777777778 0.12083333333333333 0.13703703703703704
0 0.41380208333333335 0.36574074074074076 0.04375 0.08518518518518518