6 0.5143229166666666 0.18888888888888888 0.06770833333333333 0.12685185185185185
6 0.6213541666666667 0.14351851851851852 0.052083333333333336 0.10462962962962963
3 0.9614583333333333 0.23333333333333334 0.03958333333333333 0.0962962962962963
4 0.9197916666666667 0.7824074074074074 0.05364583333333333 0.1175925925925926
4 0.5817708333333333 0.5981481481481481 0.058333333333333334 0.14444444444444443
4 0.634375 0.600462962962963 0.08020833333333334 0.13148148148148148
1 0.6330729166666667 0.07824074074074074 0.0875 0.09259259259259259
1 0.7174479166666666 0.2902777777777778 0.159375 0.2574074074074074
1 0.9708333333333333 0.1625 0.058333333333333334 0.13796296296296295
1 0.5119791666666667 0.09166666666666666 0.10989583333333333 0.14444444444444443
1 0.26171875 0.34444444444444444 0.1890625 0.29814814814814816
0 0.37578125 0.4152777777777778 0.09739583333333333 0.22962962962962963
0 0.34869791666666666 0.5657407407407408 0.06770833333333333 0.1111111111111111
0 0.46588541666666666 0.5148148148148148 0.08385416666666666 0.17592592592592593