6 0.5723958333333333 0.14629629629629629 0.05520833333333333 0.10925925925925926
6 0.6958333333333333 0.287962962962963 0.05 0.12962962962962962
3 0.9557291666666666 0.24166666666666667 0.042708333333333334 0.1037037037037037
0 0.44114583333333335 0.6800925925925926 0.04791666666666667 0.10462962962962963
0 0.5893229166666667 0.32037037037037036 0.0453125 0.10740740740740741
0 0.6471354166666666 0.3148148148148148 0.043229166666666666 0.13425925925925927
4 0.6276041666666666 0.5444444444444444 0.0734375 0.14814814814814814
1 0.41640625 0.23472222222222222 0.07864583333333333 0.18425925925925926
1 0.5888020833333333 0.09490740740740741 0.09322916666666667 0.11388888888888889
1 0.74375 0.1986111111111111 0.13958333333333334 0.18611111111111112
1 0.965625 0.18888888888888888 0.06875 0.14814814814814814
4 0.9354166666666667 0.7935185185185185 0.05 0.14074074074074075
4 0.6528645833333333 0.4393518518518518 0.07552083333333333 0.12407407407407407
3 0.39453125 0.08148148148148149 0.05520833333333333 0.062037037037037036
0 0.525 0.12083333333333333 0.042708333333333334 0.06481481481481481
1 0.40651041666666665 0.03564814814814815 0.0609375 0.05925925925925926