3 0.3203125 0.5273148148148148 0.08697916666666666 0.14907407407407408
6 0.5614583333333333 0.3055555555555556 0.07135416666666666 0.12037037037037036
6 0.778125 0.6782407407407407 0.11875 0.14907407407407408
3 0.7533854166666667 0.26064814814814813 0.07708333333333334 0.10648148148148148
6 0.37838541666666664 0.1425925925925926 0.034895833333333334 0.07962962962962963
0 0.6515625 0.4986111111111111 0.115625 0.14166666666666666
0 0.47604166666666664 0.9125 0.08645833333333333 0.15
0 0.41822916666666665 0.9555555555555556 0.071875 0.08888888888888889
0 0.3768229166666667 0.43333333333333335 0.0515625 0.08703703703703704
0 0.03828125 0.30972222222222223 0.040625 0.075
1 0.7565104166666666 0.13333333333333333 0.1234375 0.20925925925925926
1 0.7986979166666667 0.4962962962962963 0.16614583333333333 0.3111111111111111
1 0.5328125 0.19583333333333333 0.1375 0.22870370370370371
1 0.41119791666666666 0.10972222222222222 0.11666666666666667 0.16203703703703703
1 0.25833333333333336 0.39861111111111114 0.16822916666666668 0.2759259259259259
1 0.017708333333333333 0.19166666666666668 0.035416666666666666 0.1712962962962963
4 0.08255208333333333 0.8342592592592593 0.06302083333333333 0.09259259259259259