6 0.03411458333333333 0.6023148148148149 0.0640625 0.21944444444444444
6 0.16640625 0.3773148148148148 0.0859375 0.09259259259259259
3 0.46119791666666665 0.2884259259259259 0.11614583333333334 0.15648148148148147
3 0.5596354166666667 0.07546296296296297 0.06197916666666667 0.1287037037037037
3 0.73203125 0.5972222222222222 0.15104166666666666 0.2518518518518518
6 0.9533854166666667 0.3347222222222222 0.0609375 0.16574074074074074
1 0.03411458333333333 0.47962962962962963 0.0671875 0.2111111111111111
1 0.17552083333333332 0.28935185185185186 0.11041666666666666 0.13796296296296295
1 0.46432291666666664 0.1162037037037037 0.153125 0.2
1 0.55703125 0.020370370370370372 0.08541666666666667 0.03796296296296296
1 0.759375 0.425 0.18072916666666666 0.262037037037037
1 0.965625 0.2791666666666667 0.06875 0.21666666666666667
4 0.18151041666666667 0.8351851851851851 0.0703125 0.16296296296296298
4 0.17864583333333334 0.7976851851851852 0.11354166666666667 0.19166666666666668
0 0.18255208333333334 0.5680555555555555 0.0546875 0.06666666666666667
0 0.19140625 0.6851851851851852 0.06197916666666667 0.08425925925925926
0 0.4171875 0.9222222222222223 0.08333333333333333 0.13333333333333333