3 0.024739583333333332 0.27361111111111114 0.04791666666666667 0.11203703703703703
6 0.43046875 0.12638888888888888 0.05 0.0962962962962963
6 0.5010416666666667 0.24675925925925926 0.09114583333333333 0.16574074074074074
3 0.79296875 0.32592592592592595 0.06614583333333333 0.12777777777777777
1 0.4361979166666667 0.05555555555555555 0.06927083333333334 0.09722222222222222
1 0.50390625 0.13240740740740742 0.10052083333333334 0.1824074074074074
1 0.94140625 0.3773148148148148 0.0796875 0.19074074074074074
1 0.77890625 0.2537037037037037 0.1015625 0.1537037037037037
1 0.6427083333333333 0.399537037037037 0.15625 0.3277777777777778
1 0.023958333333333335 0.19166666666666668 0.04791666666666667 0.1537037037037037
4 0.59140625 0.20694444444444443 0.059895833333333336 0.0787037037037037
4 0.015364583333333333 0.7708333333333334 0.030729166666666665 0.13240740740740742
4 0.4231770833333333 0.9574074074074074 0.05364583333333333 0.08518518518518518
0 0.42552083333333335 0.5773148148148148 0.071875 0.1037037037037037
0 0.425 0.2490740740740741 0.05 0.05185185185185185