6 0.2791666666666667 0.700925925925926 0.12760416666666666 0.16296296296296298
6 0.4747395833333333 0.2490740740740741 0.057291666666666664 0.16296296296296298
6 0.6197916666666666 0.1527777777777778 0.03958333333333333 0.10185185185185185
3 0.3359375 0.24351851851851852 0.07552083333333333 0.1398148148148148
3 0.7229166666666667 0.5324074074074074 0.11354166666666667 0.1925925925925926
1 0.29270833333333335 0.5106481481481482 0.17083333333333334 0.27870370370370373
1 0.36770833333333336 0.1337962962962963 0.11614583333333334 0.17962962962962964
1 0.49713541666666666 0.1412037037037037 0.12552083333333333 0.23055555555555557
1 0.590625 0.10185185185185185 0.10052083333333334 0.1527777777777778
1 0.7559895833333333 0.38935185185185184 0.184375 0.23333333333333334
0 0.9473958333333333 0.2388888888888889 0.06354166666666666 0.09259259259259259
0 0.5888020833333333 0.9555555555555556 0.071875 0.08888888888888889
0 0.18463541666666666 0.4634259259259259 0.05572916666666667 0.12222222222222222