3 0.4828125 0.475 0.09270833333333334 0.15925925925925927
3 0.7463541666666667 0.17962962962962964 0.09479166666666666 0.09814814814814815
6 0.9598958333333333 0.6925925925925925 0.042708333333333334 0.1425925925925926
1 0.14609375 0.31574074074074077 0.10729166666666666 0.16574074074074074
1 0.017708333333333333 0.45 0.035416666666666666 0.1935185185185185
1 0.45390625 0.11805555555555555 0.11510416666666666 0.1537037037037037
1 0.46197916666666666 0.3212962962962963 0.165625 0.20833333333333334
1 0.7325520833333333 0.06851851851851852 0.13802083333333334 0.13703703703703704
1 0.9786458333333333 0.14722222222222223 0.042708333333333334 0.14444444444444443
1 0.9671875 0.6467592592592593 0.065625 0.29814814814814816
4 0.8888020833333333 0.6412037037037037 0.059895833333333336 0.10740740740740741
0 0.7528645833333333 0.5393518518518519 0.07760416666666667 0.16296296296296298
0 0.7059895833333333 0.5546296296296296 0.08072916666666667 0.2064814814814815
0 0.18151041666666667 0.7657407407407407 0.0734375 0.12222222222222222
0 0.17734375 0.6 0.065625 0.09907407407407408