6 0.5567708333333333 0.1398148148148148 0.05520833333333333 0.09259259259259259
3 0.9682291666666667 0.27870370370370373 0.06145833333333333 0.09259259259259259
6 0.39375 0.2935185185185185 0.08333333333333333 0.08518518518518518
3 0.16145833333333334 0.35185185185185186 0.058333333333333334 0.06111111111111111
1 0.15520833333333334 0.27314814814814814 0.09375 0.10648148148148148
1 0.054947916666666666 0.5939814814814814 0.07447916666666667 0.18611111111111112
1 0.3885416666666667 0.15787037037037038 0.1296875 0.16018518518518518
1 0.5768229166666666 0.07592592592592592 0.09375 0.10648148148148148
1 0.9638020833333333 0.18611111111111112 0.07239583333333334 0.15555555555555556
1 0.9721354166666667 0.7083333333333334 0.04375 0.1175925925925926
1 0.6083333333333333 0.274537037037037 0.05572916666666667 0.14537037037037037
1 0.5419270833333333 0.28703703703703703 0.06145833333333333 0.12777777777777777
0 0.43463541666666666 0.6462962962962963 0.1390625 0.10555555555555556