6 0.25052083333333336 0.2518518518518518 0.07239583333333334 0.14537037037037037
6 0.83671875 0.24814814814814815 0.04791666666666667 0.12314814814814815
3 0.6911458333333333 0.5060185185185185 0.06458333333333334 0.17777777777777778
3 0.5263020833333333 0.1310185185185185 0.06041666666666667 0.1111111111111111
1 0.06953125 0.4777777777777778 0.13072916666666667 0.262037037037037
1 0.26953125 0.15648148148148147 0.13854166666666667 0.18796296296296297
1 0.5145833333333333 0.049074074074074076 0.1390625 0.09814814814814815
1 0.8734375 0.18611111111111112 0.12760416666666666 0.1787037037037037
4 0.8875 0.625 0.058333333333333334 0.17314814814814813
0 0.540625 0.3976851851851852 0.121875 0.15833333333333333
0 0.425 0.7712962962962963 0.0640625 0.1398148148148148
0 0.5669270833333333 0.8870370370370371 0.07395833333333333 0.17962962962962964
1 0.39427083333333335 0.03657407407407407 0.06510416666666667 0.07314814814814814