6 0.5890625 0.15462962962962962 0.05416666666666667 0.09074074074074075
6 0.40520833333333334 0.5277777777777778 0.109375 0.11481481481481481
3 0.28984375 0.4162037037037037 0.0703125 0.11944444444444445
3 0.07942708333333333 0.4949074074074074 0.09166666666666666 0.1814814814814815
3 0.96953125 0.2518518518518518 0.05416666666666667 0.1037037037037037
1 0.9716145833333333 0.17453703703703705 0.05677083333333333 0.15092592592592594
1 0.6096354166666667 0.0912037037037037 0.0859375 0.14907407407407408
1 0.42890625 0.03425925925925926 0.0859375 0.06851851851851852
1 0.4278645833333333 0.36064814814814816 0.1671875 0.24444444444444444
1 0.29583333333333334 0.3138888888888889 0.11822916666666666 0.16944444444444445
1 0.05078125 0.412962962962963 0.096875 0.23055555555555557
4 0.909375 0.5462962962962963 0.046875 0.0962962962962963
0 0.6526041666666667 0.31574074074074077 0.06458333333333334 0.1537037037037037
0 0.5763020833333333 0.3625 0.050520833333333334 0.1175925925925926
0 0.23776041666666667 0.8393518518518519 0.08854166666666667 0.15185185185185185
0 0.1828125 0.9462962962962963 0.1453125 0.10740740740740741
4 0.39088541666666665 0.6481481481481481 0.0859375 0.12685185185185185
4 0.35859375 0.975925925925926 0.12916666666666668 0.04814814814814815