3 0.33645833333333336 0.16296296296296298 0.06666666666666667 0.12777777777777777
3 0.5671875 0.04537037037037037 0.03229166666666667 0.05185185185185185
6 0.509375 0.14166666666666666 0.05625 0.1
1 0.31927083333333334 0.08703703703703704 0.103125 0.12222222222222222
1 0.5106770833333333 0.06805555555555555 0.09270833333333334 0.11574074074074074
1 0.5973958333333333 0.09305555555555556 0.058333333333333334 0.09814814814814815
1 0.6203125 0.25601851851851853 0.13489583333333333 0.25092592592592594
5 0.5713541666666667 0.016203703703703703 0.065625 0.032407407407407406
0 0.4200520833333333 0.4875 0.06822916666666666 0.12129629629629629
0 0.3776041666666667 0.5291666666666667 0.09739583333333333 0.09907407407407408
4 0.4075520833333333 0.9097222222222222 0.06927083333333334 0.1527777777777778