6 0.5651041666666666 0.19537037037037036 0.071875 0.1259259259259259
3 0.9833333333333333 0.24537037037037038 0.022395833333333334 0.07592592592592592
1 0.08880208333333334 0.4361111111111111 0.17760416666666667 0.3277777777777778
1 0.12135416666666667 0.32592592592592595 0.11302083333333333 0.19907407407407407
1 0.1921875 0.2712962962962963 0.09166666666666666 0.1648148148148148
0 0.5244791666666667 0.5310185185185186 0.06875 0.15925925925925927
1 0.5760416666666667 0.11435185185185186 0.13697916666666668 0.18981481481481483
1 0.7302083333333333 0.3050925925925926 0.178125 0.26944444444444443
1 0.9794270833333333 0.18564814814814815 0.04114583333333333 0.14166666666666666
4 0.9432291666666667 0.7416666666666667 0.0625 0.12962962962962962
4 0.6479166666666667 0.8078703703703703 0.0625 0.1037037037037037
4 0.6911458333333333 0.9324074074074075 0.11770833333333333 0.12222222222222222
0 0.6583333333333333 0.6824074074074075 0.0625 0.12777777777777777