3 0.022916666666666665 0.30092592592592593 0.03958333333333333 0.15185185185185185
3 0.2859375 0.20833333333333334 0.109375 0.16666666666666666
3 0.496875 0.5287037037037037 0.1375 0.25925925925925924
6 0.875 0.2953703703703704 0.09166666666666666 0.17777777777777778
6 0.7427083333333333 0.637962962962963 0.13333333333333333 0.2222222222222222
6 0.971875 0.7694444444444445 0.05416666666666667 0.17037037037037037
0 0.19869791666666667 0.7162037037037037 0.06979166666666667 0.15925925925925927
0 0.59296875 0.8518518518518519 0.084375 0.15185185185185185
1 0.8791666666666667 0.21203703703703702 0.09791666666666667 0.15092592592592594
1 0.7515625 0.5231481481481481 0.15833333333333333 0.2537037037037037
1 0.29401041666666666 0.08981481481481482 0.14947916666666666 0.17685185185185184
1 0.4747395833333333 0.39537037037037037 0.21197916666666666 0.2574074074074074
1 0.0203125 0.1884259259259259 0.03958333333333333 0.1648148148148148
4 0.10520833333333333 0.5282407407407408 0.05260416666666667 0.12777777777777777
4 0.04973958333333333 0.8143518518518519 0.0640625 0.12037037037037036
0 0.06614583333333333 0.9138888888888889 0.0546875 0.09722222222222222