6 0.05364583333333333 0.575925925925926 0.09791666666666667 0.13148148148148148
3 0.22682291666666668 0.2763888888888889 0.0796875 0.09074074074074075
6 0.37057291666666664 0.22175925925925927 0.051041666666666666 0.06759259259259259
3 0.6604166666666667 0.17083333333333334 0.0703125 0.08333333333333333
6 0.6669270833333333 0.5018518518518519 0.0953125 0.15
3 0.9739583333333334 0.23333333333333334 0.051041666666666666 0.08888888888888889
4 0.30364583333333334 0.8143518518518519 0.08177083333333333 0.09537037037037037
4 0.1734375 0.9726851851851852 0.08958333333333333 0.05462962962962963
0 0.32786458333333335 0.5560185185185185 0.05416666666666667 0.14629629629629629
0 0.50390625 0.5888888888888889 0.051041666666666666 0.12685185185185185
1 0.22369791666666666 0.15833333333333333 0.1171875 0.125
1 0.38567708333333334 0.16296296296296298 0.109375 0.12777777777777777
1 0.6377604166666667 0.09351851851851851 0.09791666666666667 0.13796296296296295
1 0.7052083333333333 0.3541666666666667 0.17708333333333334 0.3
0 0.8130208333333333 0.34675925925925927 0.05572916666666667 0.10555555555555556
0 0.8828125 0.3314814814814815 0.06302083333333333 0.075
4 0.9078125 0.4981481481481482 0.04739583333333333 0.14907407407407408
1 0.053125 0.3851851851851852 0.10625 0.1935185185185185
1 0.9768229166666667 0.15 0.04635416666666667 0.13148148148148148