6 0.4236979166666667 0.07916666666666666 0.0578125 0.0824074074074074
6 0.5606770833333333 0.09953703703703703 0.034895833333333334 0.09907407407407408
1 0.23385416666666667 0.30462962962962964 0.13697916666666668 0.24351851851851852
1 0.39036458333333335 0.37824074074074077 0.16875 0.2861111111111111
1 0.42473958333333334 0.03194444444444444 0.0703125 0.06388888888888888
1 0.56796875 0.034722222222222224 0.0796875 0.06944444444444445
1 0.9768229166666667 0.1486111111111111 0.04635416666666667 0.12314814814814815
1 0.309375 0.23148148148148148 0.06927083333333334 0.12222222222222222
4 0.4796875 0.1310185185185185 0.041666666666666664 0.10555555555555556
4 0.5200520833333333 0.12175925925925926 0.04635416666666667 0.1111111111111111
0 0.5458333333333333 0.25601851851851853 0.04583333333333333 0.12685185185185185
0 0.5958333333333333 0.24351851851851852 0.058333333333333334 0.12777777777777777
4 0.92578125 0.7125 0.0515625 0.12037037037037036