1 0.21484375 0.09473684210526316 0.16875 0.1631578947368421
1 0.13984375 0.775 0.2625 0.3763157894736842
1 0.53515625 0.15657894736842104 0.1 0.16578947368421051
1 0.77109375 0.3815789473684211 0.1953125 0.2894736842105263
1 0.6078125 0.10526315789473684 0.096875 0.14736842105263157
3 0.221875 0.24078947368421053 0.096875 0.11315789473684211
0 0.28046875 0.5907894736842105 0.0609375 0.16052631578947368
0 0.38671875 0.8618421052631579 0.078125 0.1736842105263158
0 0.5875 0.9618421052631579 0.065625 0.07631578947368421
3 0.75 0.6171052631578947 0.1390625 0.21842105263157896
6 0.53203125 0.3355263157894737 0.1015625 0.1394736842105263
1 0.9875 0.1868421052631579 0.025 0.10526315789473684
0 0.94296875 0.30394736842105263 0.0578125 0.10263157894736842
6 0.62890625 0.18289473684210528 0.0484375 0.10526315789473684
0 0.2109375 0.593421052631579 0.053125 0.11052631578947368