3 0.4796875 0.125 0.07604166666666666 0.1037037037037037
3 0.6828125 0.41944444444444445 0.084375 0.13703703703703704
6 0.9036458333333334 0.29907407407407405 0.04479166666666667 0.08518518518518518
6 0.2703125 0.4212962962962963 0.078125 0.14444444444444443
6 0.12916666666666668 0.30185185185185187 0.06041666666666667 0.11296296296296296
4 0.0515625 0.5791666666666667 0.09479166666666666 0.23055555555555557
1 0.12604166666666666 0.21296296296296297 0.1125 0.15925925925925927
1 0.25338541666666664 0.3453703703703704 0.13072916666666667 0.22037037037037038
1 0.48828125 0.043055555555555555 0.11822916666666666 0.08611111111111111
1 0.9380208333333333 0.23333333333333334 0.10104166666666667 0.15555555555555556
4 0.965625 0.7222222222222222 0.06875 0.10925925925925926
1 0.7463541666666667 0.32083333333333336 0.15833333333333333 0.2814814814814815
0 0.4901041666666667 0.525 0.096875 0.1537037037037037
0 0.5817708333333333 0.4546296296296296 0.103125 0.14166666666666666
0 0.36276041666666664 0.7171296296296297 0.06458333333333334 0.16018518518518518
0 0.30026041666666664 0.774074074074074 0.10625 0.13240740740740742
0 0.16692708333333334 0.8157407407407408 0.07916666666666666 0.14814814814814814
0 0.5958333333333333 0.8962962962962963 0.06354166666666666 0.1675925925925926