6 0.03697916666666667 0.44351851851851853 0.065625 0.14074074074074075
6 0.3765625 0.21944444444444444 0.034375 0.10740740740740741
3 0.41354166666666664 0.39444444444444443 0.0875 0.13518518518518519
3 0.4817708333333333 0.09722222222222222 0.040625 0.07777777777777778
3 0.671875 0.11944444444444445 0.07083333333333333 0.15185185185185185
1 0.023697916666666666 0.3726851851851852 0.04635416666666667 0.1638888888888889
1 0.14661458333333333 0.4134259259259259 0.09739583333333333 0.23796296296296296
4 0.13802083333333334 0.8467592592592592 0.05625 0.16666666666666666
4 0.18671875 0.7606481481481482 0.08385416666666666 0.075
0 0.3921875 0.9046296296296297 0.06145833333333333 0.19074074074074074
1 0.41510416666666666 0.12314814814814815 0.1 0.1638888888888889
1 0.4630208333333333 0.27175925925925926 0.175 0.24537037037037038
4 0.5184895833333333 0.05555555555555555 0.053125 0.10925925925925926
1 0.47291666666666665 0.04814814814814815 0.06979166666666667 0.08796296296296297
1 0.7075520833333333 0.06388888888888888 0.14010416666666667 0.11296296296296296
0 0.7666666666666667 0.8513888888888889 0.09375 0.1824074074074074
0 0.35703125 0.749537037037037 0.050520833333333334 0.12314814814814815
0 0.1671875 0.600925925925926 0.04791666666666667 0.07407407407407407
0 0.8716145833333333 0.7981481481481482 0.0609375 0.1037037037037037