6 0.21484375 0.26805555555555555 0.08385416666666666 0.1361111111111111
6 0.4375 0.04583333333333333 0.040625 0.06574074074074074
3 0.52578125 0.10555555555555556 0.07864583333333333 0.10925925925925926
3 0.640625 0.34074074074074073 0.08489583333333334 0.15648148148148147
1 0.040625 0.5268518518518519 0.08125 0.3055555555555556
6 0.08619791666666667 0.6287037037037037 0.053125 0.18796296296296297
0 0.3731770833333333 0.8481481481481481 0.07864583333333333 0.1814814814814815
0 0.21875 0.7731481481481481 0.06822916666666666 0.19166666666666668
0 0.5380208333333333 0.3763888888888889 0.109375 0.15833333333333333
4 0.95625 0.25324074074074077 0.050520833333333334 0.11574074074074074
0 0.8567708333333334 0.8337962962962963 0.0390625 0.14074074074074075
1 0.98203125 0.18472222222222223 0.0359375 0.11574074074074074
1 0.9890625 0.3458333333333333 0.021875 0.17777777777777778
1 0.6838541666666667 0.2310185185185185 0.15104166666666666 0.23796296296296296
1 0.5291666666666667 0.030555555555555555 0.11979166666666667 0.06111111111111111
1 0.44166666666666665 0.024537037037037038 0.06354166666666666 0.049074074074074076
1 0.22135416666666666 0.17407407407407408 0.11822916666666666 0.12962962962962962
0 0.571875 0.8740740740740741 0.0625 0.14722222222222223