3 0.20859375 0.37962962962962965 0.109375 0.12129629629629629
6 0.05755208333333333 0.22453703703703703 0.08177083333333333 0.09814814814814815
6 0.4578125 0.6402777777777777 0.059375 0.1175925925925926
1 0.04921875 0.3490740740740741 0.09739583333333333 0.2638888888888889
1 0.19921875 0.5324074074074074 0.175 0.28425925925925927
0 0.19479166666666667 0.12962962962962962 0.07239583333333334 0.15833333333333333
0 0.5192708333333333 0.3388888888888889 0.07916666666666666 0.13240740740740742
0 0.8791666666666667 0.44351851851851853 0.06302083333333333 0.14444444444444443
0 0.43671875 0.33564814814814814 0.06354166666666666 0.1259259259259259
1 0.7958333333333333 0.8481481481481481 0.12552083333333333 0.25
1 0.9325520833333333 0.6300925925925925 0.1 0.23333333333333334
1 0.5760416666666667 0.611574074074074 0.22708333333333333 0.33240740740740743
1 0.47734375 0.7638888888888888 0.15833333333333333 0.1675925925925926