6 0.16979166666666667 0.2773148148148148 0.042708333333333334 0.09814814814814815
6 0.225 0.3680555555555556 0.071875 0.13240740740740742
3 0.5088541666666667 0.1300925925925926 0.0875 0.1287037037037037
6 0.9393229166666667 0.3106481481481482 0.07239583333333334 0.10462962962962963
1 0.9533854166666667 0.25462962962962965 0.09322916666666667 0.1814814814814815
1 0.528125 0.050462962962962966 0.13125 0.09351851851851851
1 0.18203125 0.16944444444444445 0.11614583333333334 0.1388888888888889
1 0.25104166666666666 0.27314814814814814 0.1125 0.17407407407407408
6 0.016927083333333332 0.6694444444444444 0.033854166666666664 0.20185185185185187
4 0.08828125 0.7597222222222222 0.0953125 0.17777777777777778
0 0.23125 0.6699074074074074 0.0796875 0.14722222222222223
0 0.3145833333333333 0.6208333333333333 0.11458333333333333 0.1712962962962963
4 0.9692708333333333 0.7263888888888889 0.059375 0.125
1 0.6104166666666667 0.4912037037037037 0.20572916666666666 0.33611111111111114
3 0.53984375 0.6282407407407408 0.13385416666666666 0.18055555555555555