6 0.0234375 0.3625 0.04583333333333333 0.10555555555555556
6 0.46458333333333335 0.15648148148148147 0.052083333333333336 0.12129629629629629
6 0.9669270833333333 0.6518518518518519 0.04895833333333333 0.14722222222222223
3 0.22760416666666666 0.662962962962963 0.1265625 0.17407407407407408
3 0.31536458333333334 0.28055555555555556 0.07239583333333334 0.13796296296296295
0 0.09817708333333333 0.5023148148148148 0.05260416666666667 0.15092592592592594
0 0.49453125 0.7925925925925926 0.10260416666666666 0.21296296296296297
0 0.58203125 0.6921296296296297 0.07604166666666666 0.16666666666666666
4 0.8557291666666667 0.8305555555555556 0.07291666666666667 0.17777777777777778
1 0.9 0.4046296296296296 0.1046875 0.18981481481481483
1 0.9734375 0.5254629629629629 0.053125 0.25277777777777777
1 0.9453125 0.6462962962962963 0.00625 0.005555555555555556
1 0.3072916666666667 0.14537037037037037 0.1484375 0.20185185185185187
1 0.4861979166666667 0.06759259259259259 0.1171875 0.12685185185185185
1 0.030989583333333334 0.25277777777777777 0.06197916666666667 0.1638888888888889
4 0.6145833333333334 0.11481481481481481 0.04375 0.14722222222222223
4 0.08203125 0.7032407407407407 0.05520833333333333 0.10740740740740741
6 0.8966145833333333 0.525 0.06302083333333333 0.09722222222222222