3 0.23697916666666666 0.20833333333333334 0.078125 0.11481481481481481
6 0.5375 0.27685185185185185 0.0875 0.15185185185185185
3 0.7447916666666666 0.6129629629629629 0.10625 0.16111111111111112
6 0.6270833333333333 0.1388888888888889 0.0375 0.08333333333333333
6 0.1765625 0.8037037037037037 0.13229166666666667 0.18333333333333332
1 0.17369791666666667 0.5708333333333333 0.18645833333333334 0.33055555555555555
1 0.24322916666666666 0.09259259259259259 0.13125 0.18333333333333332
1 0.53671875 0.15092592592592594 0.14166666666666666 0.1824074074074074
1 0.6015625 0.09768518518518518 0.0859375 0.14444444444444443
1 0.7682291666666666 0.40555555555555556 0.1671875 0.2537037037037037
1 0.9864583333333333 0.17546296296296296 0.027083333333333334 0.12037037037037036
0 0.596875 0.9527777777777777 0.06770833333333333 0.09444444444444444
0 0.2872395833333333 0.5694444444444444 0.06614583333333333 0.1361111111111111
0 0.40078125 0.8606481481481482 0.08177083333333333 0.16296296296296298