3 0.5135416666666667 0.23055555555555557 0.075 0.08888888888888889
6 0.7151041666666667 0.6657407407407407 0.10520833333333333 0.06296296296296296
3 0.22395833333333334 0.43425925925925923 0.06458333333333334 0.08518518518518518
3 0.98359375 0.2986111111111111 0.03177083333333333 0.08055555555555556
6 0.39791666666666664 0.08888888888888889 0.03333333333333333 0.03888888888888889
1 0.19140625 0.36944444444444446 0.13489583333333333 0.2064814814814815
1 0.321875 0.5601851851851852 0.17083333333333334 0.4148148148148148
1 0.4075520833333333 0.032407407407407406 0.07760416666666667 0.06481481481481481
1 0.4901041666666667 0.13935185185185187 0.12135416666666667 0.19722222222222222
1 0.7091145833333333 0.4583333333333333 0.17447916666666666 0.3212962962962963
1 0.9794270833333333 0.18009259259259258 0.04114583333333333 0.1361111111111111
4 0.98203125 0.7861111111111111 0.0359375 0.1259259259259259
4 0.45598958333333334 0.7175925925925926 0.06666666666666667 0.16111111111111112
0 0.5627604166666667 0.5671296296296297 0.06875 0.09537037037037037
0 0.58203125 0.48009259259259257 0.05572916666666667 0.11203703703703703