6 0.37265625 0.2462962962962963 0.06614583333333333 0.11481481481481481
3 0.73046875 0.18194444444444444 0.06927083333333334 0.12314814814814815
1 0.04375 0.5226851851851851 0.0875 0.27314814814814814
1 0.17838541666666666 0.26296296296296295 0.0984375 0.12222222222222222
1 0.18619791666666666 0.4009259259259259 0.159375 0.18888888888888888
1 0.39140625 0.14814814814814814 0.14270833333333333 0.13425925925925927
0 0.50078125 0.8106481481481481 0.06979166666666667 0.15648148148148147
0 0.6760416666666667 0.5476851851851852 0.10833333333333334 0.22870370370370371
0 0.7744791666666667 0.5560185185185185 0.07604166666666666 0.20833333333333334
4 0.8286458333333333 0.787962962962963 0.041666666666666664 0.13518518518518519
1 0.7143229166666667 0.08657407407407407 0.12239583333333333 0.1712962962962963
1 0.9645833333333333 0.2050925925925926 0.07083333333333333 0.13796296296296295