3 0.24947916666666667 0.30277777777777776 0.07395833333333333 0.07777777777777778
3 0.7109375 0.5907407407407408 0.09270833333333334 0.12037037037037036
6 0.4359375 0.30462962962962964 0.08645833333333333 0.13333333333333333
6 0.5828125 0.15185185185185185 0.036458333333333336 0.08333333333333333
6 0.2265625 0.6796296296296296 0.11145833333333334 0.15
6 0.9625 0.7861111111111111 0.04791666666666667 0.13333333333333333
0 0.9434895833333333 0.2722222222222222 0.059375 0.11666666666666667
0 0.5815104166666667 0.27175925925925926 0.06822916666666666 0.10925925925925926
0 0.55 0.9481481481481482 0.103125 0.1037037037037037
1 0.22057291666666667 0.4976851851851852 0.196875 0.2962962962962963
1 0.234375 0.17592592592592593 0.14166666666666666 0.21481481481481482
1 0.44817708333333334 0.16712962962962963 0.13802083333333334 0.19074074074074074
1 0.5575520833333333 0.12222222222222222 0.1 0.16203703703703703
1 0.7377604166666667 0.40370370370370373 0.17239583333333333 0.2861111111111111
1 0.9734375 0.7134259259259259 0.053125 0.23981481481481481