1 0.02421875 0.16842105263157894 0.0484375 0.10526315789473684
1 0.14609375 0.2881578947368421 0.1578125 0.2789473684210526
1 0.684375 0.5855263157894737 0.2234375 0.35
1 0.83125 0.3631578947368421 0.103125 0.24210526315789474
1 0.5796875 0.13815789473684212 0.1140625 0.19736842105263158
1 0.490625 0.04342105263157895 0.0875 0.08157894736842106
3 0.5328125 0.19736842105263158 0.0921875 0.11842105263157894
0 0.44921875 0.4986842105263158 0.0609375 0.10789473684210527
0 0.4671875 0.5881578947368421 0.1 0.0868421052631579
4 0.27421875 0.5355263157894737 0.0921875 0.1368421052631579
4 0.28203125 0.6973684210526315 0.1078125 0.2
4 0.01953125 0.781578947368421 0.0390625 0.11052631578947368
4 0.53125 0.7723684210526316 0.0609375 0.1394736842105263
3 0.803125 0.41710526315789476 0.0609375 0.11842105263157894
6 0.1890625 0.39473684210526316 0.0859375 0.12631578947368421
3 0.01953125 0.2986842105263158 0.0390625 0.10263157894736842