3 0.011979166666666667 0.2490740740740741 0.017708333333333333 0.0962962962962963
3 0.28489583333333335 0.22314814814814815 0.07604166666666666 0.1
6 0.39375 0.14074074074074075 0.03333333333333333 0.09074074074074075
6 0.7739583333333333 0.28425925925925927 0.05 0.07407407407407407
1 0.0140625 0.1597222222222222 0.0265625 0.15648148148148147
1 0.2755208333333333 0.1 0.13333333333333333 0.19814814814814816
1 0.4276041666666667 0.1037037037037037 0.10052083333333334 0.14907407407407408
1 0.7645833333333333 0.1865740740740741 0.11145833333333334 0.19814814814814816
1 0.9026041666666667 0.36944444444444446 0.11354166666666667 0.2064814814814815
0 0.6216145833333333 0.7824074074074074 0.07552083333333333 0.1675925925925926
0 0.21588541666666666 0.8569444444444444 0.09739583333333333 0.15
0 0.41640625 0.6236111111111111 0.06458333333333334 0.14629629629629629
0 0.4903645833333333 0.36342592592592593 0.06302083333333333 0.11944444444444445
0 0.409375 0.3592592592592593 0.03958333333333333 0.12407407407407407
0 0.04010416666666667 0.8791666666666667 0.044270833333333336 0.1388888888888889