6 0.06979166666666667 0.36342592592592593 0.051041666666666666 0.1037037037037037
6 0.7421875 0.38425925925925924 0.07135416666666666 0.13796296296296295
6 0.8020833333333334 0.2708333333333333 0.06822916666666666 0.1111111111111111
3 0.43072916666666666 0.13564814814814816 0.08802083333333334 0.125
3 0.37109375 0.5166666666666667 0.0796875 0.1527777777777778
1 0.05286458333333333 0.2726851851851852 0.10104166666666667 0.2037037037037037
1 0.2908854166666667 0.42407407407407405 0.19166666666666668 0.33425925925925926
1 0.4234375 0.05138888888888889 0.1375 0.10277777777777777
1 0.71796875 0.287962962962963 0.1109375 0.13333333333333333
1 0.78671875 0.18425925925925926 0.09583333333333334 0.09259259259259259
0 0.6559895833333333 0.6300925925925925 0.075 0.12777777777777777
0 0.7252604166666666 0.6930555555555555 0.1125 0.13796296296296295
0 0.83359375 0.8027777777777778 0.09010416666666667 0.1287037037037037
0 0.465625 0.7416666666666667 0.1109375 0.20925925925925926
0 0.49505208333333334 0.9601851851851851 0.1171875 0.07962962962962963
4 0.7770833333333333 0.9449074074074074 0.13333333333333333 0.11018518518518519
4 0.031510416666666666 0.737037037037037 0.0515625 0.09537037037037037
4 0.5393229166666667 0.6689814814814815 0.05625 0.12037037037037036