3 0.32447916666666665 0.13703703703703704 0.07395833333333333 0.13518518518518519
3 0.5770833333333333 0.4 0.08541666666666667 0.13518518518518519
6 0.6223958333333334 0.22407407407407406 0.040625 0.10555555555555556
3 0.51875 0.09722222222222222 0.04791666666666667 0.08518518518518518
6 0.9578125 0.45185185185185184 0.05520833333333333 0.13518518518518519
0 0.2203125 0.8212962962962963 0.10625 0.14074074074074075
1 0.303125 0.044444444444444446 0.1328125 0.08888888888888889
1 0.5315104166666667 0.028703703703703703 0.051041666666666666 0.05740740740740741
1 0.5911458333333334 0.12175925925925926 0.09114583333333333 0.09907407407407408
1 0.5296875 0.2773148148148148 0.165625 0.1574074074074074
1 0.8466145833333333 0.39861111111111114 0.10572916666666667 0.23333333333333334
1 0.9708333333333333 0.37083333333333335 0.058333333333333334 0.1648148148148148
4 0.8643229166666667 0.8361111111111111 0.075 0.17685185185185184
4 0.79921875 0.7625 0.07291666666666667 0.07314814814814814
0 0.6080729166666666 0.8912037037037037 0.096875 0.1814814814814815
0 0.6489583333333333 0.7375 0.05677083333333333 0.15185185185185185
4 0.4859375 0.05555555555555555 0.04739583333333333 0.1111111111111111