6 0.12864583333333332 0.29444444444444445 0.05520833333333333 0.11296296296296296
6 0.221875 0.38055555555555554 0.06875 0.11481481481481481
3 0.43385416666666665 0.4675925925925926 0.09270833333333334 0.14814814814814814
3 0.5432291666666667 0.15 0.08645833333333333 0.13148148148148148
3 0.98125 0.27037037037037037 0.029166666666666667 0.09814814814814815
1 0.13098958333333333 0.20046296296296295 0.09375 0.1574074074074074
1 0.22604166666666667 0.2912037037037037 0.1140625 0.18518518518518517
1 0.4471354166666667 0.3125 0.16770833333333332 0.25833333333333336
1 0.5557291666666667 0.06759259259259259 0.15885416666666666 0.13518518518518519
1 0.9794270833333333 0.18564814814814815 0.04114583333333333 0.1287037037037037
4 0.90078125 0.5259259259259259 0.057291666666666664 0.075
0 0.2950520833333333 0.6189814814814815 0.09895833333333333 0.15555555555555556
0 0.18072916666666666 0.5773148148148148 0.0890625 0.17777777777777778