6 0.55078125 0.053703703703703705 0.041666666666666664 0.07777777777777778
3 0.6192708333333333 0.5106481481481482 0.09583333333333334 0.17592592592592593
6 0.9265625 0.30185185185185187 0.053125 0.10555555555555556
3 0.23984375 0.5342592592592592 0.09375 0.10185185185185185
1 0.22057291666666667 0.3560185185185185 0.196875 0.2824074074074074
1 0.6216145833333333 0.17592592592592593 0.13125 0.12777777777777777
1 0.6666666666666666 0.3439814814814815 0.20364583333333333 0.2537037037037037
1 0.93515625 0.22870370370370371 0.1296875 0.19074074074074074
4 0.8403645833333333 0.5976851851851852 0.0828125 0.15
0 0.525 0.9342592592592592 0.06302083333333333 0.13148148148148148
0 0.4109375 0.9541666666666667 0.09166666666666666 0.09166666666666666
6 0.028385416666666666 0.7273148148148149 0.05572916666666667 0.125