3 0.2981770833333333 0.3800925925925926 0.06197916666666667 0.12129629629629629
3 0.7442708333333333 0.14675925925925926 0.05520833333333333 0.10462962962962963
6 0.49505208333333334 0.10925925925925926 0.044270833333333336 0.09074074074074075
0 0.6736979166666667 0.4550925925925926 0.103125 0.13055555555555556
0 0.7184895833333333 0.45416666666666666 0.08854166666666667 0.14074074074074075
4 0.9205729166666666 0.5208333333333334 0.058854166666666666 0.08888888888888889
4 0.9588541666666667 0.7203703703703703 0.03802083333333333 0.06851851851851852
4 0.07552083333333333 0.7564814814814815 0.07708333333333334 0.16574074074074074
0 0.45598958333333334 0.29305555555555557 0.04583333333333333 0.10833333333333334
1 0.053385416666666664 0.3787037037037037 0.10572916666666667 0.2
1 0.32838541666666665 0.24305555555555555 0.15520833333333334 0.18796296296296297
1 0.5075520833333333 0.06296296296296296 0.1046875 0.09907407407407408
1 0.7229166666666667 0.05092592592592592 0.12552083333333333 0.09351851851851851
1 0.9864583333333333 0.18935185185185185 0.027083333333333334 0.09259259259259259
3 0.9872395833333333 0.30416666666666664 0.025520833333333333 0.10648148148148148
6 0.013541666666666667 0.6712962962962963 0.027083333333333334 0.1675925925925926