3 0.029166666666666667 0.21296296296296297 0.05520833333333333 0.13518518518518519
6 0.4197916666666667 0.12407407407407407 0.0546875 0.10925925925925926
3 0.6919270833333333 0.25092592592592594 0.05572916666666667 0.11388888888888889
0 0.71328125 0.7226851851851852 0.07083333333333333 0.13425925925925927
0 0.61015625 0.5740740740740741 0.059375 0.12685185185185185
1 0.71796875 0.23287037037037037 0.10520833333333333 0.17962962962962964
1 0.4317708333333333 0.07314814814814814 0.07083333333333333 0.09444444444444444
1 0.49322916666666666 0.11944444444444445 0.09635416666666667 0.17592592592592593
4 0.55546875 0.12268518518518519 0.06458333333333334 0.0824074074074074
1 0.2760416666666667 0.2175925925925926 0.134375 0.20555555555555555
1 0.025 0.14351851851851852 0.05 0.15555555555555556
4 0.053385416666666664 0.7564814814814815 0.0640625 0.12777777777777777
0 0.4083333333333333 0.26157407407407407 0.0484375 0.1259259259259259
0 0.44453125 0.25925925925925924 0.04739583333333333 0.12222222222222222