3 0.24765625 0.28564814814814815 0.08177083333333333 0.09166666666666666
6 0.49114583333333334 0.43287037037037035 0.08020833333333334 0.10462962962962963
6 0.16744791666666667 0.8041666666666667 0.0953125 0.15462962962962962
1 0.13463541666666667 0.6138888888888889 0.17447916666666666 0.26944444444444443
1 0.24270833333333333 0.16157407407407406 0.1296875 0.17314814814814813
0 0.3104166666666667 0.6425925925925926 0.08958333333333333 0.16666666666666666
0 0.23229166666666667 0.6375 0.0671875 0.15648148148148147
1 0.4934895833333333 0.2912037037037037 0.13489583333333333 0.18611111111111112
0 0.5122395833333333 0.6875 0.10677083333333333 0.18796296296296297
0 0.44166666666666665 0.6541666666666667 0.07708333333333334 0.10277777777777777
1 0.7973958333333333 0.14537037037037037 0.11770833333333333 0.12777777777777777
1 0.8236979166666667 0.3199074074074074 0.1390625 0.32222222222222224
1 0.9619791666666667 0.15231481481481482 0.07604166666666666 0.16203703703703703
1 0.9864583333333333 0.34074074074074073 0.027083333333333334 0.19814814814814816