3 0.31666666666666665 0.5398148148148149 0.09166666666666666 0.12962962962962962
6 0.3802083333333333 0.14444444444444443 0.03958333333333333 0.07962962962962963
6 0.5630208333333333 0.31574074074074077 0.07604166666666666 0.11851851851851852
3 0.7609375 0.2574074074074074 0.078125 0.09814814814814815
6 0.7671875 0.6842592592592592 0.11354166666666667 0.15555555555555556
1 0.013541666666666667 0.1875 0.022916666666666665 0.11388888888888889
1 0.2515625 0.4064814814814815 0.15833333333333333 0.29259259259259257
1 0.41484375 0.10833333333333334 0.10260416666666666 0.1398148148148148
1 0.5393229166666667 0.2162037037037037 0.15 0.23333333333333334
1 0.7684895833333333 0.1361111111111111 0.12239583333333333 0.19537037037037036
1 0.7872395833333333 0.5060185185185185 0.16354166666666667 0.287962962962963
0 0.4734375 0.9305555555555556 0.08489583333333334 0.11851851851851852
0 0.4083333333333333 0.9462962962962963 0.07604166666666666 0.10740740740740741
0 0.032552083333333336 0.22592592592592592 0.042708333333333334 0.06111111111111111
4 0.07942708333333333 0.8222222222222222 0.05364583333333333 0.08703703703703704