3 0.03333333333333333 0.22870370370370371 0.06458333333333334 0.14444444444444443
6 0.3697916666666667 0.14629629629629629 0.07083333333333333 0.11666666666666667
6 0.4895833333333333 0.1962962962962963 0.1 0.15
3 0.8200520833333333 0.3375 0.06145833333333333 0.08148148148148149
6 0.4432291666666667 0.6962962962962963 0.115625 0.19074074074074074
1 0.032552083333333336 0.16898148148148148 0.06510416666666667 0.13240740740740742
1 0.3953125 0.5444444444444444 0.2203125 0.34629629629629627
1 0.6669270833333333 0.1824074074074074 0.15885416666666666 0.2759259259259259
1 0.48984375 0.09305555555555556 0.11041666666666666 0.16574074074074074
1 0.3729166666666667 0.09212962962962963 0.08489583333333334 0.1398148148148148
1 0.8247395833333333 0.2740740740740741 0.08385416666666666 0.1175925925925926
4 0.07916666666666666 0.7666666666666667 0.05625 0.13703703703703704
0 0.35208333333333336 0.3351851851851852 0.0640625 0.13148148148148148
1 0.9453125 0.5652777777777778 0.06302083333333333 0.21481481481481482
4 0.09609375 0.5162037037037037 0.0453125 0.08611111111111111