6 0.051041666666666666 0.524074074074074 0.058333333333333334 0.07962962962962963
6 0.028645833333333332 0.7148148148148148 0.04791666666666667 0.18333333333333332
6 0.5197916666666667 0.0587962962962963 0.04791666666666667 0.10092592592592593
6 0.9622395833333334 0.34074074074074073 0.07447916666666667 0.12407407407407407
3 0.36614583333333334 0.5171296296296296 0.10833333333333334 0.13425925925925927
3 0.59453125 0.13425925925925927 0.07864583333333333 0.09722222222222222
1 0.049479166666666664 0.3837962962962963 0.09895833333333333 0.2101851851851852
1 0.41354166666666664 0.34074074074074073 0.17708333333333334 0.24814814814814815
1 0.60625 0.041666666666666664 0.11770833333333333 0.08333333333333333
1 0.9638020833333333 0.27824074074074073 0.07239583333333334 0.16574074074074074
0 0.8278645833333333 0.8328703703703704 0.07083333333333333 0.10740740740740741
0 0.5776041666666667 0.4393518518518518 0.08489583333333334 0.12407407407407407
0 0.5515625 0.3592592592592593 0.05364583333333333 0.14814814814814814
0 0.1078125 0.8486111111111111 0.06875 0.09722222222222222
4 0.20651041666666667 0.8652777777777778 0.10989583333333333 0.2037037037037037