1 0.11875 0.2789473684210526 0.1234375 0.18421052631578946
1 0.33359375 0.25394736842105264 0.1640625 0.21578947368421053
1 0.50859375 0.06973684210526315 0.1015625 0.12894736842105264
1 0.71796875 0.05789473684210526 0.153125 0.11578947368421053
6 0.503125 0.11842105263157894 0.0703125 0.08157894736842106
6 0.1125 0.3868421052631579 0.0703125 0.11052631578947368
3 0.31015625 0.38421052631578945 0.1125 0.13421052631578947
3 0.734375 0.14736842105263157 0.096875 0.11842105263157894
3 0.99140625 0.3092105263157895 0.0171875 0.11315789473684211
1 0.9828125 0.19342105263157894 0.034375 0.12631578947368421
0 0.684375 0.4486842105263158 0.1171875 0.1394736842105263
0 0.4734375 0.3223684210526316 0.084375 0.1
4 0.921875 0.5078947368421053 0.065625 0.07894736842105263
6 0.03359375 0.6157894736842106 0.0625 0.16052631578947368
1 0.02109375 0.4697368421052632 0.034375 0.16052631578947368