3 0.30625 0.47962962962962963 0.08541666666666667 0.12037037037037036
6 0.4036458333333333 0.24814814814814815 0.065625 0.07592592592592592
3 0.7385416666666667 0.21481481481481482 0.08541666666666667 0.10925925925925926
6 0.9557291666666666 0.7925925925925926 0.065625 0.11666666666666667
1 0.9604166666666667 0.6962962962962963 0.07916666666666666 0.21203703703703702
1 0.15520833333333334 0.31157407407407406 0.09375 0.17037037037037037
1 0.2921875 0.2800925925925926 0.15572916666666667 0.18796296296296297
1 0.41484375 0.15185185185185185 0.1375 0.16018518518518518
1 0.7385416666666667 0.07268518518518519 0.14270833333333333 0.13703703703703704
1 0.95859375 0.1449074074074074 0.0828125 0.1527777777777778
4 0.8778645833333333 0.6361111111111111 0.042708333333333334 0.13425925925925927
0 0.7091145833333333 0.6074074074074074 0.11822916666666666 0.18796296296296297
0 0.8231770833333333 0.5537037037037037 0.07552083333333333 0.19166666666666668
0 0.5315104166666667 0.7847222222222222 0.06145833333333333 0.12962962962962962
0 0.178125 0.5925925925925926 0.0734375 0.08981481481481482
0 0.17838541666666666 0.7555555555555555 0.0984375 0.07685185185185185
4 0.12604166666666666 0.9004629629629629 0.059895833333333336 0.09537037037037037