3 0.24453125 0.25462962962962965 0.08385416666666666 0.09074074074074075
6 0.22395833333333334 0.736574074074074 0.11666666666666667 0.11018518518518519
6 0.5502604166666667 0.2671296296296296 0.07239583333333334 0.1675925925925926
6 0.6223958333333334 0.15462962962962962 0.04479166666666667 0.09814814814814815
3 0.74375 0.6731481481481482 0.10833333333333334 0.1527777777777778
1 0.25104166666666666 0.12453703703703704 0.115625 0.2101851851851852
1 0.21796875 0.5351851851851852 0.18177083333333333 0.34074074074074073
1 0.5307291666666667 0.1337962962962963 0.13697916666666668 0.1675925925925926
1 0.5963541666666666 0.08796296296296297 0.10104166666666667 0.15555555555555556
1 0.7716145833333333 0.5046296296296297 0.15364583333333334 0.30277777777777776
0 0.6395833333333333 0.4412037037037037 0.06979166666666667 0.0962962962962963
0 0.5802083333333333 0.9712962962962963 0.07291666666666667 0.05740740740740741
0 0.9604166666666667 0.32407407407407407 0.0515625 0.1037037037037037