3 0.5309895833333333 0.06388888888888888 0.046875 0.07222222222222222
6 0.35833333333333334 0.06759259259259259 0.030729166666666665 0.049074074074074076
6 0.4276041666666667 0.15 0.041666666666666664 0.11851851851851852
4 0.3502604166666667 0.575 0.0671875 0.11666666666666667
0 0.571875 0.5958333333333333 0.052083333333333336 0.11574074074074074
4 0.56171875 0.2740740740740741 0.0703125 0.10092592592592593
4 0.49140625 0.29259259259259257 0.044270833333333336 0.10092592592592593
0 0.5645833333333333 0.3861111111111111 0.0625 0.1037037037037037
1 0.6216145833333333 0.08055555555555556 0.12447916666666667 0.15925925925925927
1 0.4015625 0.1 0.096875 0.14814814814814814
1 0.5307291666666667 0.03518518518518519 0.06458333333333334 0.07037037037037037