6 0.2515625 0.35138888888888886 0.1 0.14722222222222223
3 0.45416666666666666 0.15462962962962962 0.06927083333333334 0.11296296296296296
3 0.7723958333333333 0.4060185185185185 0.06145833333333333 0.10555555555555556
1 0.019270833333333334 0.21296296296296297 0.03854166666666667 0.12222222222222222
3 0.019791666666666666 0.3148148148148148 0.03958333333333333 0.12777777777777777
4 0.022395833333333334 0.7824074074074074 0.04375 0.1361111111111111
4 0.32057291666666665 0.7888888888888889 0.0703125 0.18055555555555555
1 0.259375 0.22407407407407406 0.1390625 0.17407407407407408
1 0.46796875 0.07453703703703704 0.10833333333333334 0.11018518518518519
1 0.80859375 0.3625 0.11927083333333334 0.2101851851851852
0 0.6890625 0.8671296296296296 0.0921875 0.10277777777777777
0 0.6458333333333334 0.7041666666666667 0.06510416666666667 0.1287037037037037
0 0.36380208333333336 0.6189814814814815 0.053125 0.15
1 0.5161458333333333 0.774537037037037 0.23229166666666667 0.387037037037037