6 0.4505208333333333 0.25277777777777777 0.06979166666666667 0.12962962962962962
6 0.5578125 0.10648148148148148 0.051041666666666666 0.08518518518518518
3 0.31302083333333336 0.2462962962962963 0.04479166666666667 0.09814814814814815
3 0.9598958333333333 0.21944444444444444 0.06770833333333333 0.1111111111111111
1 0.07890625 0.4199074074074074 0.1078125 0.15833333333333333
1 0.29661458333333335 0.22777777777777777 0.0890625 0.1814814814814815
1 0.434375 0.15462962962962962 0.13541666666666666 0.20833333333333334
1 0.5697916666666667 0.062037037037037036 0.08645833333333333 0.10925925925925926
1 0.61640625 0.3162037037037037 0.1625 0.30925925925925923
1 0.9578125 0.13842592592592592 0.084375 0.15833333333333333
4 0.8809895833333333 0.5981481481481481 0.0453125 0.12037037037037036
4 0.94765625 0.7555555555555555 0.058333333333333334 0.1388888888888889
0 0.5221354166666666 0.24074074074074073 0.05677083333333333 0.15925925925925927
0 0.33984375 0.5305555555555556 0.08125 0.20185185185185187
0 0.38645833333333335 0.7083333333333334 0.10833333333333334 0.17962962962962964
0 0.9328125 0.9601851851851851 0.059375 0.07962962962962963