3 0.7638020833333333 0.20555555555555555 0.10416666666666667 0.11296296296296296
3 0.37057291666666664 0.5569444444444445 0.10208333333333333 0.1361111111111111
6 0.11223958333333334 0.4398148148148148 0.051041666666666666 0.07592592592592592
4 0.9395833333333333 0.3976851851851852 0.058333333333333334 0.08425925925925926
4 0.925 0.4652777777777778 0.06458333333333334 0.11388888888888889
0 0.721875 0.4652777777777778 0.109375 0.1638888888888889
0 0.8057291666666667 0.4425925925925926 0.07604166666666666 0.16666666666666666
1 0.9708333333333333 0.15462962962962962 0.058333333333333334 0.12222222222222222
1 0.7703125 0.07546296296296297 0.13020833333333334 0.15092592592592594
1 0.3841145833333333 0.20277777777777778 0.1453125 0.1574074074074074
1 0.4 0.3861111111111111 0.20208333333333334 0.20185185185185187
1 0.11822916666666666 0.35509259259259257 0.13125 0.1287037037037037
1 0.035416666666666666 0.4236111111111111 0.07083333333333333 0.24166666666666667