6 0.20104166666666667 0.2611111111111111 0.0625 0.10185185185185185
6 0.27760416666666665 0.41388888888888886 0.08645833333333333 0.1
3 0.5682291666666667 0.16666666666666666 0.09270833333333334 0.12777777777777777
3 0.6859375 0.4361111111111111 0.11145833333333334 0.14444444444444443
6 0.8911458333333333 0.32222222222222224 0.08020833333333334 0.12407407407407407
0 0.14192708333333334 0.8138888888888889 0.12291666666666666 0.18703703703703703
0 0.27734375 0.725462962962963 0.10208333333333333 0.1527777777777778
0 0.35494791666666664 0.7018518518518518 0.08385416666666666 0.15555555555555556
0 0.4552083333333333 0.6759259259259259 0.07291666666666667 0.14629629629629629
0 0.5903645833333333 0.8986111111111111 0.0546875 0.16574074074074074
0 0.97265625 0.7314814814814815 0.0453125 0.12129629629629629
1 0.9111979166666667 0.21435185185185185 0.11302083333333333 0.17962962962962964
1 0.7424479166666667 0.2972222222222222 0.1609375 0.25277777777777777
1 0.215625 0.17175925925925925 0.10729166666666666 0.10740740740740741
1 0.2859375 0.28888888888888886 0.11979166666666667 0.16203703703703703
1 0.5872395833333334 0.06527777777777778 0.13489583333333333 0.13055555555555556
6 0.019791666666666666 0.6712962962962963 0.03958333333333333 0.17407407407407408
1 0.990625 0.18611111111111112 0.01875 0.12407407407407407