6 0.4375 0.15462962962962962 0.05520833333333333 0.08333333333333333
3 0.7151041666666667 0.12175925925925926 0.040625 0.09259259259259259
1 0.09765625 0.43472222222222223 0.08645833333333333 0.19537037037037036
1 0.41067708333333336 0.6166666666666667 0.2265625 0.3425925925925926
1 0.6859375 0.044444444444444446 0.134375 0.07407407407407407
0 0.4552083333333333 0.35509259259259257 0.058854166666666666 0.09166666666666666
0 0.4153645833333333 0.3736111111111111 0.0484375 0.0787037037037037
0 0.7526041666666666 0.3912037037037037 0.059375 0.13796296296296295
0 0.9588541666666667 0.8708333333333333 0.059375 0.09722222222222222
4 0.94296875 0.5486111111111112 0.044270833333333336 0.11944444444444445
4 0.69765625 0.9203703703703704 0.13697916666666668 0.15925925925925927