3 0.3229166666666667 0.3638888888888889 0.09583333333333334 0.1
6 0.4510416666666667 0.16574074074074074 0.058333333333333334 0.1111111111111111
3 0.6791666666666667 0.5138888888888888 0.11458333333333333 0.15555555555555556
1 0.030989583333333334 0.38842592592592595 0.06197916666666667 0.18888888888888888
1 0.17838541666666666 0.2777777777777778 0.10572916666666667 0.14629629629629629
1 0.30052083333333335 0.1884259259259259 0.16927083333333334 0.27685185185185185
1 0.47760416666666666 0.08333333333333333 0.134375 0.1527777777777778
1 0.9559895833333333 0.2935185185185185 0.08802083333333334 0.1962962962962963
4 0.86171875 0.3458333333333333 0.07291666666666667 0.13425925925925927
1 0.7127604166666667 0.36157407407407405 0.178125 0.21481481481481482
0 0.86484375 0.5055555555555555 0.07552083333333333 0.1574074074074074
0 0.5018229166666667 0.8675925925925926 0.07864583333333333 0.14074074074074075