6 0.140625 0.29074074074074074 0.05520833333333333 0.08703703703703704
6 0.21380208333333334 0.39444444444444443 0.06822916666666666 0.10648148148148148
3 0.4203125 0.4648148148148148 0.08385416666666666 0.15462962962962962
3 0.5578125 0.14444444444444443 0.08697916666666666 0.14722222222222223
3 0.9825520833333333 0.2726851851851852 0.03177083333333333 0.10648148148148148
0 0.7091145833333333 0.7430555555555556 0.05572916666666667 0.16296296296296298
0 0.36770833333333336 0.6537037037037037 0.05364583333333333 0.13240740740740742
0 0.30182291666666666 0.6462962962962963 0.08541666666666667 0.13055555555555556
0 0.19453125 0.6791666666666667 0.0890625 0.10925925925925926
0 0.39140625 0.9342592592592592 0.0453125 0.13148148148148148
4 0.8932291666666666 0.5361111111111111 0.04895833333333333 0.08703703703703704
4 0.23072916666666668 0.9634259259259259 0.09270833333333334 0.07314814814814814
1 0.9776041666666667 0.17731481481481481 0.04479166666666667 0.12962962962962962
1 0.5721354166666667 0.05555555555555555 0.13958333333333334 0.10925925925925926
1 0.44869791666666664 0.30694444444444446 0.1671875 0.21666666666666667
1 0.14609375 0.18888888888888888 0.09322916666666667 0.13518518518518519
1 0.21432291666666667 0.31203703703703706 0.10104166666666667 0.18981481481481483
6 0.020833333333333332 0.7388888888888889 0.040625 0.1675925925925926
1 0.9846354166666667 0.8736111111111111 0.030729166666666665 0.25277777777777777
3 0.9515625 0.9388888888888889 0.0546875 0.12222222222222222