3 0.4640625 0.1962962962962963 0.06145833333333333 0.10185185185185185
3 0.9848958333333333 0.2824074074074074 0.026041666666666668 0.0962962962962963
3 0.203125 0.4111111111111111 0.04583333333333333 0.09814814814814815
6 0.8057291666666667 0.3472222222222222 0.06145833333333333 0.16666666666666666
1 0.15885416666666666 0.37222222222222223 0.11197916666666667 0.22962962962962963
1 0.31302083333333336 0.586574074074074 0.190625 0.35648148148148145
4 0.46458333333333335 0.7518518518518519 0.05625 0.13796296296296295
1 0.43645833333333334 0.12685185185185185 0.09427083333333333 0.1648148148148148
1 0.5200520833333333 0.06388888888888888 0.07708333333333334 0.10092592592592593
1 0.8643229166666667 0.2833333333333333 0.13697916666666668 0.24351851851851852
1 0.98203125 0.19027777777777777 0.0359375 0.15648148148148147
4 0.9838541666666667 0.7833333333333333 0.03229166666666667 0.10740740740740741
4 0.6541666666666667 0.700925925925926 0.09895833333333333 0.11574074074074074
4 0.7307291666666667 0.7449074074074075 0.04739583333333333 0.17222222222222222
0 0.5244791666666667 0.586574074074074 0.08958333333333333 0.12222222222222222
0 0.5510416666666667 0.5189814814814815 0.0734375 0.10925925925925926