6 0.03697916666666667 0.44351851851851853 0.065625 0.14074074074074075
6 0.3765625 0.21944444444444444 0.034375 0.10740740740740741
3 0.41354166666666664 0.39444444444444443 0.0875 0.13518518518518519
3 0.4817708333333333 0.09722222222222222 0.040625 0.07777777777777778
3 0.671875 0.11944444444444445 0.07083333333333333 0.15185185185185185
1 0.15078125 0.4199074074074074 0.10260416666666666 0.20833333333333334
1 0.02109375 0.3699074074074074 0.0421875 0.17685185185185184
4 0.51328125 0.05 0.06354166666666666 0.1
4 0.13671875 0.8472222222222222 0.07760416666666667 0.18611111111111112
4 0.1953125 0.7638888888888888 0.078125 0.06851851851851852
0 0.8838541666666667 0.7944444444444444 0.0375 0.08148148148148149
0 0.7692708333333333 0.8337962962962963 0.07916666666666666 0.14722222222222223
0 0.39505208333333336 0.8986111111111111 0.08802083333333334 0.20277777777777778
0 0.17057291666666666 0.6074074074074074 0.04479166666666667 0.06481481481481481
1 0.40729166666666666 0.1111111111111111 0.1015625 0.14629629629629629
1 0.46588541666666666 0.26990740740740743 0.15989583333333332 0.22870370370370371
1 0.69453125 0.06759259259259259 0.15885416666666666 0.11481481481481481
1 0.4747395833333333 0.03333333333333333 0.0734375 0.06666666666666667