6 0.38177083333333334 0.487962962962963 0.09479166666666666 0.13796296296296295
6 0.7106770833333333 0.41805555555555557 0.0828125 0.1111111111111111
3 0.44817708333333334 0.15462962962962962 0.057291666666666664 0.09074074074074075
3 0.9807291666666667 0.2625 0.0359375 0.1361111111111111
1 0.2552083333333333 0.3138888888888889 0.1 0.21851851851851853
3 0.3 0.33611111111111114 0.0640625 0.12037037037037036
1 0.37161458333333336 0.36944444444444446 0.13333333333333333 0.20185185185185187
1 0.4434895833333333 0.07314814814814814 0.08697916666666666 0.10740740740740741
1 0.72421875 0.27870370370370373 0.1484375 0.21574074074074073
1 0.98203125 0.17083333333333334 0.0359375 0.1175925925925926
4 0.9278645833333333 0.8009259259259259 0.05625 0.1175925925925926
4 0.6432291666666666 0.5851851851851851 0.0953125 0.22407407407407406
0 0.43359375 0.7689814814814815 0.0953125 0.16574074074074074
0 0.3143229166666667 0.8037037037037037 0.07916666666666666 0.18611111111111112
0 0.5796875 0.5277777777777778 0.04375 0.12129629629629629
4 0.5239583333333333 0.11018518518518519 0.06041666666666667 0.0824074074074074