6 0.16171875 0.7611111111111111 0.12135416666666667 0.20185185185185187
3 0.24583333333333332 0.24027777777777778 0.0828125 0.13796296296296295
6 0.49114583333333334 0.4148148148148148 0.10260416666666666 0.14444444444444443
1 0.1453125 0.575462962962963 0.171875 0.28425925925925927
1 0.24713541666666666 0.12685185185185185 0.11822916666666666 0.1527777777777778
1 0.4981770833333333 0.2824074074074074 0.13072916666666667 0.2111111111111111
1 0.79921875 0.16064814814814815 0.12135416666666667 0.19537037037037036
1 0.8166666666666667 0.3421296296296296 0.1671875 0.30648148148148147
1 0.965625 0.1912037037037037 0.06875 0.1638888888888889
1 0.9890625 0.39490740740740743 0.021875 0.22592592592592592
0 0.503125 0.6925925925925925 0.08854166666666667 0.19814814814814816
0 0.42682291666666666 0.6462962962962963 0.07135416666666666 0.11851851851851852
0 0.30520833333333336 0.6208333333333333 0.07447916666666667 0.1527777777777778