6 0.5317708333333333 0.2518518518518518 0.078125 0.08333333333333333
3 0.9760416666666667 0.3 0.04583333333333333 0.10555555555555556
6 0.20520833333333333 0.34444444444444444 0.04791666666666667 0.06481481481481481
1 0.06354166666666666 0.36435185185185187 0.09479166666666666 0.18425925925925926
1 0.21484375 0.2513888888888889 0.10885416666666667 0.1425925925925926
1 0.41380208333333335 0.3787037037037037 0.1671875 0.3111111111111111
1 0.5432291666666667 0.12685185185185185 0.12395833333333334 0.18981481481481483
1 0.5822916666666667 0.06805555555555555 0.08020833333333334 0.11018518518518519
1 0.9776041666666667 0.19675925925925927 0.04479166666666667 0.11388888888888889
4 0.9841145833333333 0.7810185185185186 0.03177083333333333 0.11574074074074074
0 0.59375 0.5708333333333333 0.07135416666666666 0.12129629629629629
4 0.40989583333333335 0.21574074074074073 0.06875 0.07777777777777778
4 0.6283854166666667 0.9648148148148148 0.06822916666666666 0.07037037037037037