6 0.5895833333333333 0.13842592592592592 0.042708333333333334 0.1
3 0.29661458333333335 0.399537037037037 0.0625 0.11481481481481481
3 0.09270833333333334 0.5712962962962963 0.07552083333333333 0.10740740740740741
3 0.9643229166666667 0.24166666666666667 0.0328125 0.10185185185185185
1 0.06848958333333334 0.42407407407407405 0.11458333333333333 0.20462962962962963
1 0.29296875 0.3074074074074074 0.09166666666666666 0.16203703703703703
1 0.43255208333333334 0.36342592592592593 0.17604166666666668 0.25555555555555554
1 0.6049479166666667 0.09305555555555556 0.090625 0.16574074074074074
1 0.9716145833333333 0.16898148148148148 0.05677083333333333 0.15833333333333333
0 0.9247395833333333 0.5592592592592592 0.0390625 0.09814814814814815
0 0.90703125 0.5263888888888889 0.0421875 0.09444444444444444
0 0.6372395833333333 0.31527777777777777 0.07916666666666666 0.18333333333333332
0 0.5567708333333333 0.35 0.05 0.10555555555555556
0 0.24140625 0.8726851851851852 0.07916666666666666 0.15092592592592594
0 0.1703125 0.950925925925926 0.1171875 0.09814814814814815
4 0.36822916666666666 0.6620370370370371 0.09635416666666667 0.17314814814814813
4 0.45026041666666666 0.9574074074074074 0.11510416666666666 0.08518518518518518
6 0.4083333333333333 0.5587962962962963 0.10364583333333334 0.11574074074074074