6 0.21614583333333334 0.31203703703703706 0.06354166666666666 0.08518518518518518
6 0.4473958333333333 0.1638888888888889 0.05520833333333333 0.07222222222222222
3 0.7580729166666667 0.20694444444444443 0.0921875 0.11944444444444445
1 0.09010416666666667 0.3365740740740741 0.10625 0.21388888888888888
1 0.22734375 0.1726851851851852 0.11666666666666667 0.1638888888888889
1 0.46041666666666664 0.08564814814814815 0.10416666666666667 0.13240740740740742
1 0.7731770833333333 0.0875 0.13854166666666667 0.17314814814814813
4 0.9361979166666666 0.5194444444444445 0.07395833333333333 0.09259259259259259
4 0.9588541666666667 0.7277777777777777 0.03854166666666667 0.08333333333333333
0 0.9614583333333333 0.8856481481481482 0.06041666666666667 0.14537037037037037
0 0.7596354166666667 0.5675925925925925 0.11666666666666667 0.1648148148148148
0 0.6692708333333334 0.5055555555555555 0.06614583333333333 0.13240740740740742
0 0.4778645833333333 0.3486111111111111 0.06927083333333334 0.14537037037037037
0 0.4231770833333333 0.36342592592592593 0.04635416666666667 0.11944444444444445
0 0.35625 0.8217592592592593 0.06875 0.15462962962962962