3 0.3221354166666667 0.16527777777777777 0.0625 0.12685185185185185
6 0.5057291666666667 0.12175925925925926 0.051041666666666666 0.1
0 0.38229166666666664 0.5125 0.07604166666666666 0.10277777777777777
0 0.4239583333333333 0.4912037037037037 0.07604166666666666 0.13425925925925927
4 0.5484375 0.5009259259259259 0.040625 0.12314814814814815
4 0.5114583333333333 0.22453703703703703 0.0703125 0.11944444444444445
1 0.3106770833333333 0.09259259259259259 0.09947916666666666 0.0787037037037037
3 0.5690104166666666 0.12777777777777777 0.043229166666666666 0.08703703703703704
1 0.5848958333333333 0.08611111111111111 0.071875 0.12037037037037036
1 0.79609375 0.2361111111111111 0.10260416666666666 0.16203703703703703
3 0.5364583333333334 0.03611111111111111 0.04479166666666667 0.07222222222222222
5 0.5559895833333334 0.019444444444444445 0.05260416666666667 0.03888888888888889
1 0.5005208333333333 0.07407407407407407 0.09010416666666667 0.0787037037037037