1 0.28359375 0.29473684210526313 0.153125 0.24736842105263157
1 0.04609375 0.1881578947368421 0.0921875 0.1868421052631579
1 0.5578125 0.08421052631578947 0.1609375 0.14736842105263157
1 0.73828125 0.30394736842105263 0.1296875 0.2
1 0.5984375 0.35657894736842105 0.16875 0.19473684210526315
3 0.02890625 0.2776315789473684 0.05625 0.12631578947368421
3 0.5515625 0.15921052631578947 0.0734375 0.1
3 0.703125 0.3394736842105263 0.046875 0.12105263157894737
6 0.58828125 0.49736842105263157 0.0921875 0.12631578947368421
6 0.284375 0.4381578947368421 0.0984375 0.10789473684210527
4 0.0890625 0.7842105263157895 0.0765625 0.10526315789473684
4 0.3609375 0.5842105263157895 0.084375 0.18421052631578946
0 0.69609375 0.8486842105263158 0.0875 0.11578947368421053
0 0.546875 0.7605263157894737 0.1109375 0.12368421052631579
0 0.6609375 0.7276315789473684 0.0921875 0.14210526315789473
0 0.42890625 0.49605263157894736 0.071875 0.17105263157894737
4 0.48203125 0.09078947368421053 0.046875 0.06315789473684211