1 0.034765625 0.19407894736842105 0.06953125 0.125
3 0.026171875 0.2868421052631579 0.04609375 0.06842105263157895
4 0.121875 0.25263157894736843 0.0625 0.04736842105263158
4 0.144140625 0.5006578947368421 0.07265625 0.1013157894736842
1 0.265234375 0.38552631578947366 0.17265625 0.2710526315789474
3 0.31171875 0.5842105263157895 0.1390625 0.12894736842105264
1 0.390625 0.10526315789473684 0.0640625 0.11315789473684211
3 0.380859375 0.18947368421052632 0.03984375 0.060526315789473685
1 0.4671875 0.14078947368421052 0.1203125 0.1736842105263158
6 0.479296875 0.2710526315789474 0.08515625 0.06315789473684211
1 0.74296875 0.12302631578947368 0.1328125 0.15921052631578947
3 0.74921875 0.28092105263157896 0.1296875 0.12236842105263158
0 0.753515625 0.6006578947368421 0.06640625 0.1355263157894737
0 0.668359375 0.6638157894736842 0.07421875 0.1355263157894737
0 0.419140625 0.9572368421052632 0.06328125 0.08552631578947369
4 0.68828125 0.9355263157894737 0.1453125 0.12894736842105264
1 0.905078125 0.5421052631578948 0.16015625 0.26842105263157895