6 0.17604166666666668 0.4166666666666667 0.06041666666666667 0.08333333333333333
6 0.4197916666666667 0.737037037037037 0.13958333333333334 0.24259259259259258
3 0.75625 0.18333333333333332 0.11666666666666667 0.17222222222222222
3 0.5083333333333333 0.10185185185185185 0.075 0.11666666666666667
3 0.5458333333333333 0.40925925925925927 0.1 0.1537037037037037
6 0.3609375 0.31527777777777777 0.0953125 0.10462962962962963
0 0.7333333333333333 0.6 0.12552083333333333 0.12407407407407407
0 0.8265625 0.6074074074074074 0.06875 0.17592592592592593
0 0.8635416666666667 0.8143518518518519 0.05260416666666667 0.10740740740740741
0 0.6276041666666666 0.9407407407407408 0.08020833333333334 0.11388888888888889
4 0.49635416666666665 0.9495370370370371 0.08958333333333333 0.10092592592592593
4 0.5591145833333333 0.056018518518518516 0.0546875 0.11203703703703703
4 0.4622395833333333 0.03888888888888889 0.030729166666666665 0.07777777777777778
1 0.5083333333333333 0.0375 0.08489583333333334 0.075
1 0.171875 0.33287037037037037 0.09947916666666666 0.15185185185185185
1 0.3966145833333333 0.5819444444444445 0.18802083333333333 0.30833333333333335
1 0.5450520833333333 0.2671296296296296 0.1546875 0.18055555555555555
1 0.7528645833333333 0.07592592592592592 0.1328125 0.14351851851851852
0 0.20390625 0.6023148148148149 0.07291666666666667 0.11574074074074074
1 0.35963541666666665 0.17685185185185184 0.12760416666666666 0.18425925925925926