6 0.5072916666666667 0.11203703703703703 0.04583333333333333 0.08888888888888889
3 0.7859375 0.18518518518518517 0.08645833333333333 0.12407407407407407
3 0.0546875 0.6027777777777777 0.06770833333333333 0.17037037037037037
1 0.14036458333333332 0.31342592592592594 0.1234375 0.175
1 0.02734375 0.5476851851851852 0.0546875 0.32314814814814813
6 0.16822916666666668 0.44074074074074077 0.08854166666666667 0.08888888888888889
0 0.31223958333333335 0.8962962962962963 0.07864583333333333 0.17407407407407408
3 0.9890625 0.3 0.021875 0.13518518518518519
1 0.9880208333333333 0.2013888888888889 0.023958333333333335 0.10462962962962963
1 0.7940104166666667 0.07361111111111111 0.1359375 0.14722222222222223
1 0.5158854166666667 0.05787037037037037 0.07916666666666666 0.10092592592592593
0 0.16328125 0.5814814814814815 0.0546875 0.1111111111111111
0 0.48515625 0.32685185185185184 0.03177083333333333 0.10185185185185185
0 0.884375 0.7180555555555556 0.05260416666666667 0.18055555555555555
0 0.9596354166666666 0.8768518518518519 0.0640625 0.13518518518518519
4 0.9395833333333333 0.5175925925925926 0.07239583333333334 0.08333333333333333
4 0.9604166666666667 0.7069444444444445 0.044270833333333336 0.11574074074074074