6 0.46041666666666664 0.5777777777777777 0.11458333333333333 0.12037037037037036
6 0.5473958333333333 0.362962962962963 0.05520833333333333 0.09814814814814815
3 0.7828125 0.6305555555555555 0.08645833333333333 0.1037037037037037
6 0.94375 0.7925925925925926 0.0625 0.09814814814814815
0 0.8125 0.8657407407407407 0.07135416666666666 0.17407407407407408
0 0.56875 0.6638888888888889 0.05625 0.11574074074074074
0 0.4908854166666667 0.6550925925925926 0.10104166666666667 0.16666666666666666
0 0.21536458333333333 0.7032407407407407 0.07552083333333333 0.10740740740740741
1 0.8119791666666667 0.462037037037037 0.1609375 0.28055555555555556
1 0.95 0.6513888888888889 0.1 0.27685185185185185
1 0.4440104166666667 0.3912037037037037 0.2203125 0.2861111111111111
1 0.5145833333333333 0.2439814814814815 0.15989583333333332 0.17777777777777778
1 0.2125 0.15231481481481482 0.11822916666666666 0.21666666666666667
1 0.031510416666666666 0.1550925925925926 0.06302083333333333 0.16018518518518518
1 0.07942708333333333 0.3768518518518518 0.1296875 0.24537037037037038