1 0.1390625 0.2868421052631579 0.15625 0.2657894736842105
1 0.68125 0.575 0.2015625 0.33157894736842103
1 0.8359375 0.37105263157894736 0.1171875 0.20526315789473684
1 0.575 0.13157894736842105 0.1109375 0.1868421052631579
1 0.02265625 0.18947368421052632 0.0453125 0.12894736842105264
1 0.49375 0.046052631578947366 0.084375 0.08421052631578947
3 0.54609375 0.20789473684210527 0.090625 0.09736842105263158
3 0.80390625 0.41973684210526313 0.071875 0.11052631578947368
0 0.609375 0.7802631578947369 0.0890625 0.09736842105263158
4 0.53359375 0.7697368421052632 0.059375 0.1394736842105263
4 0.28671875 0.5289473684210526 0.1 0.1368421052631579
4 0.278125 0.6947368421052632 0.1 0.18157894736842106
0 0.46953125 0.5855263157894737 0.1109375 0.09473684210526316
0 0.4484375 0.49605263157894736 0.065625 0.10789473684210527
3 0.02578125 0.29605263157894735 0.0515625 0.11052631578947368
4 0.01953125 0.7763157894736842 0.0390625 0.11052631578947368