3 0.48802083333333335 0.15648148148148147 0.08385416666666666 0.1287037037037037
6 0.27395833333333336 0.40324074074074073 0.059375 0.10740740740740741
4 0.0875 0.7847222222222222 0.090625 0.14166666666666666
4 0.8979166666666667 0.5351851851851852 0.0515625 0.08055555555555556
0 0.25338541666666664 0.6805555555555556 0.07135416666666666 0.18611111111111112
0 0.32369791666666664 0.6236111111111111 0.09739583333333333 0.1712962962962963
0 0.478125 0.4597222222222222 0.1078125 0.14537037037037037
1 0.20026041666666666 0.1787037037037037 0.1078125 0.1388888888888889
1 0.24947916666666667 0.31296296296296294 0.1296875 0.2037037037037037
1 0.48802083333333335 0.053703703703703705 0.12083333333333333 0.10555555555555556
1 0.6393229166666666 0.49166666666666664 0.23958333333333334 0.39444444444444443
1 0.9671875 0.14212962962962963 0.065625 0.10925925925925926
3 0.9552083333333333 0.24212962962962964 0.08958333333333333 0.08703703703703704