3 0.1828125 0.2175925925925926 0.08020833333333334 0.11481481481481481
6 0.4921875 0.10740740740740741 0.042708333333333334 0.09074074074074075
6 0.8510416666666667 0.4111111111111111 0.07708333333333334 0.04259259259259259
3 0.9135416666666667 0.5981481481481481 0.04791666666666667 0.17962962962962964
1 0.17291666666666666 0.09537037037037037 0.1328125 0.19074074074074074
0 0.11354166666666667 0.7587962962962963 0.08697916666666666 0.1814814814814815
1 0.47760416666666666 0.06018518518518518 0.09270833333333334 0.08796296296296297
1 0.46953125 0.337037037037037 0.2015625 0.36944444444444446
1 0.8674479166666667 0.31527777777777777 0.12604166666666666 0.22037037037037038
1 0.9645833333333333 0.5481481481481482 0.07083333333333333 0.3101851851851852
0 0.7151041666666667 0.8560185185185185 0.07135416666666666 0.18518518518518517
0 0.8453125 0.6342592592592593 0.05416666666666667 0.1425925925925926
4 0.24609375 0.6620370370370371 0.08125 0.16111111111111112
4 0.054427083333333334 0.5148148148148148 0.06614583333333333 0.07685185185185185
4 0.04114583333333333 0.7300925925925926 0.03958333333333333 0.09444444444444444
0 0.04609375 0.8837962962962963 0.06666666666666667 0.14166666666666666