6 0.06197916666666667 0.6310185185185185 0.07708333333333334 0.1648148148148148
6 0.4276041666666667 0.14166666666666666 0.03854166666666667 0.08703703703703704
3 0.5630208333333333 0.1388888888888889 0.0609375 0.12037037037037036
1 0.044270833333333336 0.5333333333333333 0.08854166666666667 0.3111111111111111
1 0.10885416666666667 0.4722222222222222 0.11927083333333334 0.2564814814814815
1 0.33229166666666665 0.387037037037037 0.184375 0.31574074074074077
1 0.44244791666666666 0.07546296296296297 0.08177083333333333 0.12407407407407407
1 0.5864583333333333 0.0587962962962963 0.14375 0.10277777777777777
4 0.17421875 0.799537037037037 0.0625 0.17777777777777778
4 0.22578125 0.8356481481481481 0.07552083333333333 0.1259259259259259
4 0.9197916666666667 0.5277777777777778 0.046875 0.0962962962962963
4 0.9723958333333333 0.7277777777777777 0.04114583333333333 0.09537037037037037
4 0.9434895833333333 0.8842592592592593 0.05260416666666667 0.08703703703703704
0 0.9713541666666666 0.5694444444444444 0.04583333333333333 0.16111111111111112
0 0.5583333333333333 0.5120370370370371 0.07708333333333334 0.10277777777777777
0 0.45416666666666666 0.3574074074074074 0.05625 0.13240740740740742
0 0.41328125 0.35324074074074074 0.0546875 0.09907407407407408