1 0.071875 0.23026315789473684 0.1015625 0.14210526315789473
1 0.4203125 0.056578947368421055 0.15 0.11315789473684211
1 0.26875 0.33421052631578946 0.1515625 0.26842105263157895
1 0.7265625 0.2868421052631579 0.121875 0.14473684210526316
1 0.846875 0.1618421052631579 0.0890625 0.11315789473684211
6 0.0875 0.33421052631578946 0.0875 0.11315789473684211
3 0.30859375 0.4631578947368421 0.1375 0.16842105263157894
3 0.43125 0.16710526315789473 0.125 0.14736842105263157
6 0.7171875 0.42894736842105263 0.09375 0.12105263157894737
6 0.8359375 0.29473684210526313 0.0765625 0.12631578947368421
6 0.98515625 0.6592105263157895 0.0296875 0.18157894736842106
4 0.0375 0.7328947368421053 0.05 0.10263157894736842
4 0.971875 0.6013157894736842 0.05625 0.16052631578947368
0 0.834375 0.8065789473684211 0.075 0.1394736842105263
0 0.63984375 0.7 0.0734375 0.15
0 0.72109375 0.7328947368421053 0.09375 0.1394736842105263
0 0.5453125 0.6776315789473685 0.075 0.15
3 0.01171875 0.28289473684210525 0.0234375 0.09210526315789473
1 0.0140625 0.18157894736842106 0.028125 0.14210526315789473