6 0.09166666666666666 0.6324074074074074 0.08333333333333333 0.1259259259259259
3 0.32447916666666665 0.22777777777777777 0.078125 0.12407407407407407
6 0.471875 0.21851851851851853 0.052083333333333336 0.15
6 0.61875 0.14444444444444443 0.03958333333333333 0.09444444444444444
3 0.6994791666666667 0.5388888888888889 0.09895833333333333 0.17222222222222222
0 0.23776041666666667 0.5541666666666667 0.08854166666666667 0.17407407407407408
0 0.32708333333333334 0.5893518518518519 0.0625 0.17037037037037037
0 0.328125 0.48194444444444445 0.11354166666666667 0.14629629629629629
0 0.5765625 0.9574074074074074 0.07552083333333333 0.08518518518518518
1 0.7549479166666667 0.3787037037037037 0.175 0.2740740740740741
1 0.33567708333333335 0.10694444444444444 0.11458333333333333 0.175
1 0.08229166666666667 0.5009259259259259 0.12864583333333332 0.22777777777777777
1 0.5065104166666666 0.14166666666666666 0.12291666666666666 0.17592592592592593
1 0.5888020833333333 0.10833333333333334 0.090625 0.17685185185185184
4 0.31875 0.9162037037037037 0.0703125 0.1388888888888889
0 0.9622395833333334 0.24537037037037038 0.03802083333333333 0.08796296296296297
0 0.9716145833333333 0.5194444444444445 0.05677083333333333 0.12314814814814815