6 0.22552083333333334 0.6962962962962963 0.11979166666666667 0.10185185185185185
6 0.43125 0.3055555555555556 0.06875 0.11666666666666667
6 0.6182291666666667 0.14537037037037037 0.034375 0.08888888888888889
3 0.24427083333333333 0.2638888888888889 0.08229166666666667 0.08518518518518518
3 0.6848958333333334 0.5222222222222223 0.09479166666666666 0.15
1 0.23776041666666667 0.14027777777777778 0.1375 0.19166666666666668
1 0.19921875 0.5064814814814815 0.175 0.27037037037037037
1 0.4666666666666667 0.19074074074074074 0.14739583333333334 0.24351851851851852
1 0.5888020833333333 0.1087962962962963 0.10677083333333333 0.13518518518518519
1 0.7481770833333333 0.3902777777777778 0.17239583333333333 0.2972222222222222
1 0.98203125 0.17407407407407408 0.0359375 0.13148148148148148
0 0.32447916666666665 0.4634259259259259 0.13020833333333334 0.1712962962962963
0 0.5244791666666667 0.9296296296296296 0.08229166666666667 0.14074074074074075
0 0.5919270833333333 0.9416666666666667 0.07239583333333334 0.11666666666666667
0 0.6244791666666667 0.4287037037037037 0.06770833333333333 0.10925925925925926