1 0.03046875 0.23157894736842105 0.0609375 0.12631578947368421
1 0.4015625 0.3355263157894737 0.2 0.25526315789473686
1 0.428125 0.07236842105263158 0.121875 0.11052631578947368
1 0.60625 0.13026315789473683 0.14375 0.1763157894736842
1 0.84375 0.3460526315789474 0.1265625 0.13157894736842105
1 0.93359375 0.45657894736842103 0.0984375 0.15263157894736842
6 0.59765625 0.2618421052631579 0.096875 0.1368421052631579
6 0.43828125 0.1368421052631579 0.05625 0.08421052631578947
3 0.834375 0.4144736842105263 0.05625 0.08421052631578947
3 0.028125 0.34078947368421053 0.05625 0.10789473684210527
3 0.59296875 0.019736842105263157 0.0734375 0.039473684210526314
4 0.01875 0.7657894736842106 0.0375 0.14210526315789473
0 0.4875 0.5815789473684211 0.040625 0.10526315789473684
4 0.5578125 0.6236842105263158 0.1140625 0.13421052631578947