3 0.48802083333333335 0.15648148148148147 0.08385416666666666 0.1287037037037037
6 0.27395833333333336 0.40324074074074073 0.059375 0.10740740740740741
1 0.20104166666666667 0.18796296296296297 0.10885416666666667 0.14537037037037037
1 0.23489583333333333 0.3189814814814815 0.13854166666666667 0.20462962962962963
1 0.48671875 0.05416666666666667 0.11822916666666666 0.10833333333333334
1 0.6205729166666667 0.49398148148148147 0.19114583333333332 0.3814814814814815
1 0.9723958333333333 0.17731481481481481 0.05520833333333333 0.15462962962962962
3 0.9658854166666667 0.25324074074074077 0.058854166666666666 0.09722222222222222
4 0.9 0.5300925925925926 0.05625 0.0824074074074074
0 0.48463541666666665 0.43472222222222223 0.1 0.17037037037037037
0 0.25677083333333334 0.6856481481481481 0.0921875 0.1712962962962963
0 0.3182291666666667 0.5981481481481481 0.09010416666666667 0.1814814814814815
0 0.38697916666666665 0.6074074074074074 0.075 0.17592592592592593
4 0.08307291666666666 0.7689814814814815 0.08541666666666667 0.1527777777777778