3 0.3984375 0.1699074074074074 0.06822916666666666 0.11851851851851852
3 0.8518229166666667 0.3486111111111111 0.08020833333333334 0.16666666666666666
6 0.9427083333333334 0.5990740740740741 0.07083333333333333 0.12407407407407407
1 0.023177083333333334 0.2023148148148148 0.04635416666666667 0.18796296296296297
1 0.4200520833333333 0.0712962962962963 0.11666666666666667 0.10925925925925926
1 0.22604166666666667 0.18888888888888888 0.11770833333333333 0.17777777777777778
1 0.8643229166666667 0.2574074074074074 0.11614583333333334 0.17407407407407408
1 0.9419270833333333 0.49537037037037035 0.1046875 0.19166666666666668
1 0.6971354166666667 0.34444444444444444 0.1359375 0.1685185185185185
1 0.6127604166666667 0.5476851851851852 0.23802083333333332 0.34629629629629627
4 0.1515625 0.5259259259259259 0.03802083333333333 0.06851851851851852
0 0.45338541666666665 0.7018518518518518 0.0546875 0.1
0 0.34765625 0.575 0.05572916666666667 0.12314814814814815
0 0.83828125 0.5939814814814814 0.0578125 0.10555555555555556
0 0.81796875 0.6657407407407407 0.058854166666666666 0.1259259259259259