3 0.062239583333333334 0.23287037037037037 0.04895833333333333 0.1037037037037037
6 0.35260416666666666 0.18009259259259258 0.057291666666666664 0.08888888888888889
6 0.48020833333333335 0.1736111111111111 0.06822916666666666 0.1361111111111111
1 0.04453125 0.17083333333333334 0.08802083333333334 0.14907407407407408
1 0.22916666666666666 0.20601851851851852 0.16510416666666666 0.24351851851851852
1 0.35572916666666665 0.10833333333333334 0.09270833333333334 0.13425925925925927
1 0.5044270833333333 0.09398148148148149 0.1328125 0.16296296296296298
1 0.7205729166666667 0.30185185185185187 0.2140625 0.3111111111111111
1 0.8552083333333333 0.3347222222222222 0.06354166666666666 0.1425925925925926
1 0.9567708333333333 0.5699074074074074 0.08645833333333333 0.1935185185185185
4 0.07239583333333334 0.7296296296296296 0.053125 0.15555555555555556
4 0.09270833333333334 0.5157407407407407 0.04895833333333333 0.09722222222222222
4 0.35520833333333335 0.6388888888888888 0.09791666666666667 0.12685185185185185
0 0.3390625 0.35324074074074074 0.07291666666666667 0.15833333333333333