6 0.4200520833333333 0.15462962962962962 0.04739583333333333 0.10555555555555556
3 0.6841145833333333 0.20462962962962963 0.08697916666666666 0.13055555555555556
1 0.17708333333333334 0.21944444444444444 0.1171875 0.1648148148148148
1 0.28177083333333336 0.4842592592592593 0.19739583333333333 0.29444444444444445
0 0.40651041666666665 0.35509259259259257 0.040625 0.10277777777777777
0 0.459375 0.3680555555555556 0.06666666666666667 0.12314814814814815
1 0.43984375 0.09537037037037037 0.09427083333333333 0.13333333333333333
1 0.6856770833333333 0.08055555555555556 0.14114583333333333 0.16111111111111112
4 0.91875 0.5263888888888889 0.0515625 0.09444444444444444
4 0.9703125 0.7263888888888889 0.05416666666666667 0.08611111111111111
0 0.73984375 0.7375 0.06875 0.15833333333333333
0 0.5296875 0.6916666666666667 0.071875 0.1962962962962963