6 0.4114583333333333 0.24074074074074073 0.035416666666666666 0.13518518518518519
6 0.55625 0.1712962962962963 0.03958333333333333 0.1037037037037037
0 0.4578125 0.649537037037037 0.12291666666666666 0.08703703703703704
0 0.4934895833333333 0.5824074074074074 0.0796875 0.1259259259259259
4 0.46822916666666664 0.3851851851851852 0.08125 0.1259259259259259
4 0.4734375 0.3458333333333333 0.07083333333333333 0.08518518518518518
0 0.5265625 0.25787037037037036 0.05520833333333333 0.125
0 0.5799479166666667 0.26481481481481484 0.040625 0.10740740740740741
1 0.10260416666666666 0.3476851851851852 0.09947916666666666 0.2175925925925926
1 0.28203125 0.1925925925925926 0.06979166666666667 0.1361111111111111
1 0.36692708333333335 0.16666666666666666 0.11510416666666666 0.22037037037037038
1 0.5924479166666666 0.09537037037037037 0.1109375 0.13333333333333333