6 0.4328125 0.15 0.04479166666666667 0.07592592592592592
6 0.8598958333333333 0.2638888888888889 0.04895833333333333 0.10740740740740741
1 0.09322916666666667 0.4486111111111111 0.11614583333333334 0.22870370370370371
1 0.019791666666666666 0.5583333333333333 0.03958333333333333 0.2388888888888889
1 0.44114583333333335 0.08009259259259259 0.08958333333333333 0.11481481481481481
1 0.5604166666666667 0.08842592592592592 0.16822916666666668 0.175
3 0.5973958333333333 0.1884259259259259 0.08229166666666667 0.1648148148148148
0 0.6494791666666667 0.5402777777777777 0.08958333333333333 0.18981481481481483
1 0.8841145833333334 0.1824074074074074 0.125 0.22685185185185186
4 0.7768229166666667 0.8606481481481482 0.08697916666666666 0.15092592592592594
0 0.9638020833333333 0.8962962962962963 0.07239583333333334 0.12407407407407407