6 0.07552083333333333 0.3087962962962963 0.058333333333333334 0.12685185185185185
3 0.44296875 0.1375 0.07239583333333334 0.12129629629629629
3 0.353125 0.5185185185185185 0.06041666666666667 0.19444444444444445
6 0.73828125 0.40046296296296297 0.0765625 0.16296296296296298
6 0.8 0.2587962962962963 0.057291666666666664 0.1361111111111111
1 0.058333333333333334 0.25601851851851853 0.1015625 0.18888888888888888
1 0.26328125 0.42916666666666664 0.19895833333333332 0.3194444444444444
1 0.4317708333333333 0.062037037037037036 0.13697916666666668 0.12407407407407407
1 0.7903645833333334 0.17824074074074073 0.09322916666666667 0.1259259259259259
1 0.73203125 0.29444444444444445 0.1125 0.14814814814814814
6 0.9794270833333333 0.7018518518518518 0.04114583333333333 0.1925925925925926
4 0.8567708333333334 0.9462962962962963 0.08072916666666667 0.10740740740740741
0 0.8325520833333333 0.7967592592592593 0.06666666666666667 0.1527777777777778
0 0.646875 0.7023148148148148 0.07708333333333334 0.14351851851851852
0 0.7265625 0.7143518518518519 0.1046875 0.14907407407407408
0 0.5455729166666666 0.6509259259259259 0.05520833333333333 0.10277777777777777
0 0.46458333333333335 0.7708333333333334 0.17083333333333334 0.2
4 0.03333333333333333 0.7379629629629629 0.0546875 0.12222222222222222