1 0.18870192307692307 0.7860576923076923 0.1201923076923077 0.15625
4 0.26322115384615385 0.078125 0.0889423076923077 0.11538461538461539
4 0.5492788461538461 0.6069711538461539 0.04326923076923077 0.0889423076923077
0 0.6766826923076923 0.27884615384615385 0.0625 0.10096153846153846
4 0.46634615384615385 0.5432692307692307 0.038461538461538464 0.09375
3 0.6634615384615384 0.8293269230769231 0.08413461538461539 0.0985576923076923
6 0.5084134615384616 0.8533653846153846 0.07451923076923077 0.055288461538461536
1 0.38822115384615385 0.9206730769230769 0.05048076923076923 0.07692307692307693
1 0.5108173076923077 0.9266826923076923 0.0985576923076923 0.0889423076923077
1 0.6826923076923077 0.9278846153846154 0.10096153846153846 0.09134615384615384
3 0.5661057692307693 0.9771634615384616 0.05048076923076923 0.04326923076923077
3 0.39302884615384615 0.8605769230769231 0.06490384615384616 0.052884615384615384