3 0.25416666666666665 0.20092592592592592 0.11666666666666667 0.14444444444444443
6 0.5463541666666667 0.1425925925925926 0.05520833333333333 0.11666666666666667
6 0.7640625 0.2777777777777778 0.078125 0.10925925925925926
0 0.24583333333333332 0.5449074074074074 0.10520833333333333 0.14351851851851852
0 0.34322916666666664 0.5111111111111111 0.053125 0.1
0 0.5244791666666667 0.3486111111111111 0.0546875 0.0962962962962963
0 0.57421875 0.3587962962962963 0.0359375 0.1287037037037037
0 0.6419270833333334 0.8013888888888889 0.0671875 0.15
0 0.0390625 0.8759259259259259 0.04583333333333333 0.12037037037037036
4 0.06770833333333333 0.5263888888888889 0.051041666666666666 0.09444444444444444
4 0.04088541666666667 0.7268518518518519 0.035416666666666666 0.08148148148148149
1 0.25755208333333335 0.08981481481481482 0.11822916666666666 0.1648148148148148
1 0.52265625 0.0763888888888889 0.1 0.10092592592592593
1 0.75546875 0.16574074074074074 0.12083333333333333 0.1685185185185185
1 0.8955729166666667 0.28425925925925927 0.06770833333333333 0.18333333333333332