3 0.24583333333333332 0.26851851851851855 0.07708333333333334 0.11666666666666667
6 0.496875 0.4212962962962963 0.0875 0.1259259259259259
6 0.11822916666666666 0.737037037037037 0.121875 0.1574074074074074
1 0.0859375 0.586574074074074 0.16041666666666668 0.3194444444444444
1 0.24427083333333333 0.15138888888888888 0.13333333333333333 0.18425925925925926
0 0.31953125 0.6222222222222222 0.06197916666666667 0.13148148148148148
0 0.23020833333333332 0.6236111111111111 0.08072916666666667 0.1527777777777778
1 0.4940104166666667 0.32546296296296295 0.1453125 0.2101851851851852
0 0.51796875 0.6949074074074074 0.090625 0.18425925925925926
0 0.428125 0.6726851851851852 0.06666666666666667 0.15833333333333333
0 0.9052083333333333 0.48009259259259257 0.06666666666666667 0.1675925925925926
1 0.95625 0.16018518518518518 0.08541666666666667 0.13333333333333333
1 0.7776041666666667 0.1310185185185185 0.09947916666666666 0.21666666666666667
1 0.8255208333333334 0.2953703703703704 0.14270833333333333 0.32407407407407407
1 0.9611979166666667 0.36574074074074076 0.07760416666666667 0.3351851851851852