6 0.23854166666666668 0.25925925925925924 0.058333333333333334 0.07592592592592592
6 0.45364583333333336 0.1361111111111111 0.040625 0.08888888888888889
3 0.7348958333333333 0.2212962962962963 0.08229166666666667 0.1037037037037037
0 0.48671875 0.3578703703703704 0.0765625 0.12685185185185185
0 0.43984375 0.36342592592592593 0.059375 0.11944444444444445
0 0.3653645833333333 0.8236111111111111 0.06979166666666667 0.15092592592592594
0 0.665625 0.5203703703703704 0.06666666666666667 0.1685185185185185
0 0.753125 0.5509259259259259 0.10208333333333333 0.18611111111111112
0 0.9591145833333333 0.8717592592592592 0.05572916666666667 0.14907407407407408
4 0.9338541666666667 0.5175925925925926 0.06458333333333334 0.10740740740740741
1 0.7408854166666666 0.10416666666666667 0.13385416666666666 0.1935185185185185
1 0.47578125 0.09398148148148149 0.0890625 0.12407407407407407
1 0.26197916666666665 0.1550925925925926 0.12395833333333334 0.20277777777777778
1 0.1078125 0.3013888888888889 0.13125 0.22407407407407406