1 0.1625 0.18355263157894736 0.128125 0.13026315789473683
1 0.363671875 0.27039473684210524 0.11953125 0.15394736842105264
1 0.619140625 0.03618421052631579 0.12109375 0.07236842105263158
1 0.75 0.33157894736842103 0.16875 0.23421052631578948
3 0.91171875 0.2125 0.10625 0.14078947368421052
3 0.590625 0.12368421052631579 0.084375 0.10789473684210527
3 0.694140625 0.4769736842105263 0.08046875 0.14342105263157895
2 0.89296875 0.33239473684210524 0.0671875 0.10363157894736842
2 0.16240625 0.3251578947368421 0.07128124999999999 0.08981578947368422
4 0.123046875 0.6328947368421053 0.10546875 0.1631578947368421
4 0.053125 0.7026315789473684 0.0625 0.15263157894736842
4 0.96484375 0.725 0.065625 0.12631578947368421
0 0.338671875 0.7164473684210526 0.06953125 0.14342105263157895
0 0.41484375 0.7197368421052631 0.0578125 0.12105263157894737
0 0.55234375 0.4118421052631579 0.0421875 0.11842105263157894
0 0.60390625 0.3907894736842105 0.0609375 0.15789473684210525
0 0.175390625 0.8171052631578948 0.06484375 0.12631578947368421
2 0.352046875 0.40213157894736845 0.08692187500000001 0.1003421052631579