3 0.32447916666666665 0.13703703703703704 0.07395833333333333 0.13518518518518519
3 0.5770833333333333 0.4 0.08541666666666667 0.13518518518518519
6 0.6223958333333334 0.22407407407407406 0.040625 0.10555555555555556
3 0.51875 0.09722222222222222 0.04791666666666667 0.08518518518518518
6 0.9578125 0.45185185185185184 0.05520833333333333 0.13518518518518519
0 0.12604166666666666 0.787962962962963 0.07708333333333334 0.12962962962962962
0 0.23541666666666666 0.8310185185185185 0.0875 0.1287037037037037
0 0.6223958333333334 0.9064814814814814 0.07708333333333334 0.18703703703703703
0 0.8317708333333333 0.6041666666666666 0.04791666666666667 0.08981481481481482
4 0.8640625 0.8527777777777777 0.08645833333333333 0.17222222222222222
4 0.8096354166666667 0.7837962962962963 0.0734375 0.08425925925925926
4 0.48828125 0.05462962962962963 0.0515625 0.10925925925925926
1 0.9776041666666667 0.3837962962962963 0.04479166666666667 0.1675925925925926
1 0.85234375 0.4078703703703704 0.0921875 0.22685185185185186
1 0.5294270833333333 0.03611111111111111 0.06822916666666666 0.07222222222222222
1 0.596875 0.11296296296296296 0.11927083333333334 0.15
1 0.5346354166666667 0.27175925925925926 0.16510416666666666 0.21388888888888888
1 0.30755208333333334 0.05694444444444444 0.13125 0.09259259259259259
0 0.8697916666666666 0.562037037037037 0.040625 0.09074074074074075