6 0.06822916666666666 0.3597222222222222 0.05625 0.11574074074074074
3 0.36796875 0.5504629629629629 0.1265625 0.1638888888888889
3 0.43697916666666664 0.16712962962962963 0.08385416666666666 0.11944444444444445
3 0.7393229166666667 0.4050925925925926 0.07239583333333334 0.11574074074074074
6 0.81015625 0.28703703703703703 0.052083333333333336 0.12037037037037036
6 0.9770833333333333 0.6393518518518518 0.041666666666666664 0.1527777777777778
1 0.04921875 0.2671296296296296 0.0984375 0.2064814814814815
1 0.42109375 0.060648148148148145 0.1328125 0.11388888888888889
1 0.3067708333333333 0.44074074074074077 0.19947916666666668 0.3175925925925926
1 0.790625 0.19537037037037036 0.09739583333333333 0.1287037037037037
1 0.73046875 0.28379629629629627 0.12291666666666666 0.17037037037037037
0 0.64921875 0.6222222222222222 0.09583333333333334 0.15555555555555556
0 0.715625 0.6851851851851852 0.08333333333333333 0.14629629629629629
4 0.83671875 0.7069444444444445 0.109375 0.1712962962962963
0 0.8239583333333333 0.812962962962963 0.08645833333333333 0.11203703703703703
4 0.5252604166666667 0.6754629629629629 0.0421875 0.12037037037037036