6 0.55859375 0.11435185185185186 0.044270833333333336 0.08796296296296297
3 0.96953125 0.26666666666666666 0.0421875 0.09074074074074075
6 0.4197916666666667 0.28935185185185186 0.06770833333333333 0.07685185185185185
1 0.035416666666666666 0.4273148148148148 0.06979166666666667 0.22314814814814815
1 0.2559895833333333 0.24259259259259258 0.09427083333333333 0.13148148148148148
1 0.41354166666666664 0.1814814814814815 0.13541666666666666 0.175
1 0.5705729166666667 0.05925925925925926 0.08072916666666667 0.08518518518518518
1 0.3606770833333333 0.4708333333333333 0.1921875 0.31666666666666665
1 0.9734375 0.18518518518518517 0.053125 0.14629629629629629
4 0.9776041666666667 0.7773148148148148 0.04479166666666667 0.09722222222222222
4 0.6364583333333333 0.9273148148148148 0.06041666666666667 0.11203703703703703
0 0.5083333333333333 0.562037037037037 0.057291666666666664 0.09814814814814815
0 0.5416666666666666 0.2726851851851852 0.050520833333333334 0.17314814814814813
0 0.584375 0.275 0.06666666666666667 0.1648148148148148
3 0.2484375 0.3402777777777778 0.071875 0.07962962962962963