6 0.42942708333333335 0.14027777777777778 0.0484375 0.09259259259259259
6 0.7666666666666667 0.3527777777777778 0.08645833333333333 0.16203703703703703
1 0.10104166666666667 0.45185185185185184 0.10729166666666666 0.2111111111111111
1 0.4421875 0.08981481481481482 0.078125 0.11574074074074074
1 0.5432291666666667 0.09027777777777778 0.15833333333333333 0.17222222222222222
1 0.7760416666666666 0.23425925925925925 0.13072916666666667 0.20185185185185187
0 0.9578125 0.8759259259259259 0.065625 0.13333333333333333
0 0.6330729166666667 0.5032407407407408 0.0671875 0.1527777777777778
4 0.6557291666666667 0.7847222222222222 0.06041666666666667 0.15462962962962962
4 0.7276041666666667 0.8592592592592593 0.10729166666666666 0.13703703703703704
0 0.9518229166666666 0.5356481481481481 0.03802083333333333 0.10092592592592593