6 0.27239583333333334 0.3074074074074074 0.08854166666666667 0.10555555555555556
3 0.546875 0.2712962962962963 0.06666666666666667 0.1111111111111111
4 0.10416666666666667 0.40879629629629627 0.06875 0.11203703703703703
1 0.23802083333333332 0.2351851851851852 0.14166666666666666 0.21481481481481482
4 0.33697916666666666 0.8314814814814815 0.08229166666666667 0.15555555555555556
4 0.37786458333333334 0.6939814814814815 0.05625 0.10185185185185185
1 0.528125 0.1587962962962963 0.13541666666666666 0.1425925925925926
1 0.6278645833333333 0.5402777777777777 0.2234375 0.38796296296296295
1 0.70390625 0.33287037037037037 0.11510416666666666 0.15185185185185185
1 0.8515625 0.35833333333333334 0.11875 0.22037037037037038
0 0.7924479166666667 0.6620370370370371 0.0765625 0.11203703703703703