3 0.6177083333333333 0.4949074074074074 0.10729166666666666 0.17777777777777778
3 0.2734375 0.6421296296296296 0.10520833333333333 0.09074074074074075
6 0.4981770833333333 0.38981481481481484 0.09791666666666667 0.14537037037037037
6 0.9552083333333333 0.35509259259259257 0.06822916666666666 0.12129629629629629
6 0.027864583333333335 0.6356481481481482 0.041666666666666664 0.17222222222222222
1 0.28567708333333336 0.46620370370370373 0.18020833333333333 0.2601851851851852
1 0.5135416666666667 0.2875 0.12291666666666666 0.2388888888888889
1 0.66328125 0.3458333333333333 0.1796875 0.2824074074074074
1 0.9541666666666667 0.275 0.09114583333333333 0.17777777777777778
4 0.8606770833333334 0.7523148148148148 0.08125 0.12037037037037036
0 0.5270833333333333 0.9277777777777778 0.084375 0.14444444444444443
0 0.42734375 0.9449074074074074 0.07239583333333334 0.11018518518518519
1 0.5643229166666667 0.018518518518518517 0.07916666666666666 0.03518518518518519
6 0.546875 0.060648148148148145 0.049479166666666664 0.0824074074074074
1 0.01875 0.5662037037037037 0.0375 0.3074074074074074