3 0.017708333333333333 0.2064814814814815 0.028125 0.075
6 0.030729166666666665 0.39814814814814814 0.052083333333333336 0.16203703703703703
3 0.4744791666666667 0.125 0.1125 0.1638888888888889
3 0.4453125 0.5995370370370371 0.15625 0.23333333333333334
6 0.7638020833333333 0.4027777777777778 0.0828125 0.1259259259259259
6 0.82734375 0.28703703703703703 0.05416666666666667 0.11018518518518519
1 0.026041666666666668 0.324537037037037 0.051041666666666666 0.15925925925925927
1 0.38828125 0.4861111111111111 0.178125 0.35833333333333334
1 0.46927083333333336 0.043055555555555555 0.13177083333333334 0.08333333333333333
1 0.8151041666666666 0.1648148148148148 0.09479166666666666 0.14814814814814814
1 0.7526041666666666 0.28425925925925927 0.1015625 0.14074074074074075
0 0.6828125 0.6203703703703703 0.08645833333333333 0.15185185185185185
0 0.7658854166666667 0.6671296296296296 0.065625 0.1527777777777778
4 0.8666666666666667 0.9157407407407407 0.07916666666666666 0.1685185185185185