6 0.27760416666666665 0.32037037037037036 0.06770833333333333 0.10555555555555556
3 0.5630208333333333 0.2675925925925926 0.059375 0.1
3 0.7822916666666667 0.35462962962962963 0.052083333333333336 0.06666666666666667
3 0.024479166666666666 0.2675925925925926 0.026041666666666668 0.08148148148148149
1 0.024479166666666666 0.18333333333333332 0.04895833333333333 0.16111111111111112
1 0.24479166666666666 0.23981481481481481 0.1546875 0.18796296296296297
1 0.53046875 0.1574074074074074 0.12239583333333333 0.14629629629629629
1 0.79609375 0.2337962962962963 0.11197916666666667 0.2
1 0.68828125 0.3287037037037037 0.12864583333333332 0.125
1 0.6372395833333333 0.5157407407407407 0.21458333333333332 0.39351851851851855
1 0.9760416666666667 0.43333333333333335 0.04791666666666667 0.1425925925925926
4 0.3221354166666667 0.8152777777777778 0.09479166666666666 0.1287037037037037
4 0.36276041666666664 0.7393518518518518 0.07135416666666666 0.14351851851851852
0 0.82734375 0.6236111111111111 0.0703125 0.1648148148148148