3 0.1828125 0.2175925925925926 0.08020833333333334 0.11481481481481481
6 0.4921875 0.10740740740740741 0.042708333333333334 0.09074074074074075
6 0.8510416666666667 0.4111111111111111 0.07708333333333334 0.04259259259259259
3 0.9135416666666667 0.5981481481481481 0.04791666666666667 0.17962962962962964
1 0.18177083333333333 0.08703703703703704 0.14010416666666667 0.17407407407407408
1 0.48828125 0.0625 0.096875 0.10462962962962963
1 0.8723958333333334 0.30185185185185187 0.13229166666666667 0.2064814814814815
1 0.9619791666666667 0.55 0.07604166666666666 0.3148148148148148
1 0.46822916666666664 0.3574074074074074 0.16458333333333333 0.3416666666666667
1 0.0125 0.18611111111111112 0.025 0.08703703703703704
3 0.013541666666666667 0.2912037037037037 0.027083333333333334 0.12407407407407407
0 0.04583333333333333 0.888425925925926 0.0625 0.13240740740740742
4 0.06276041666666667 0.5055555555555555 0.0515625 0.09537037037037037
4 0.246875 0.6555555555555556 0.0796875 0.11203703703703703
0 0.8466145833333333 0.6125 0.049479166666666664 0.1361111111111111
0 0.73203125 0.8773148148148148 0.084375 0.16666666666666666
4 0.046614583333333334 0.7328703703703704 0.05416666666666667 0.10555555555555556
0 0.11744791666666667 0.7421296296296296 0.07447916666666667 0.22314814814814815