3 0.2942708333333333 0.1648148148148148 0.075 0.08888888888888889
6 0.4588541666666667 0.2712962962962963 0.043229166666666666 0.12314814814814815
6 0.21041666666666667 0.5662037037037037 0.11197916666666667 0.12314814814814815
3 0.6739583333333333 0.5902777777777778 0.09166666666666666 0.19166666666666668
6 0.6604166666666667 0.20787037037037037 0.041666666666666664 0.08611111111111111
1 0.21744791666666666 0.38101851851851853 0.16614583333333333 0.31574074074074077
1 0.30572916666666666 0.0712962962962963 0.14479166666666668 0.1398148148148148
1 0.5140625 0.20046296296296295 0.14479166666666668 0.26851851851851855
1 0.6348958333333333 0.1486111111111111 0.109375 0.1537037037037037
1 0.7549479166666667 0.5115740740740741 0.16822916666666668 0.3296296296296296
0 0.36796875 0.462037037037037 0.0921875 0.1935185185185185
0 0.46927083333333336 0.9212962962962963 0.09322916666666667 0.13703703703703704