3 0.084375 0.6601851851851852 0.0625 0.1037037037037037
6 0.5697916666666667 0.14722222222222223 0.041666666666666664 0.08888888888888889
6 0.3072916666666667 0.39166666666666666 0.06458333333333334 0.08148148148148149
6 0.42291666666666666 0.49907407407407406 0.075 0.1
1 0.06536458333333334 0.487962962962963 0.12291666666666666 0.2462962962962963
1 0.29375 0.3212962962962963 0.096875 0.18333333333333332
1 0.45390625 0.3680555555555556 0.184375 0.2953703703703704
1 0.5940104166666667 0.09861111111111111 0.11041666666666666 0.1388888888888889
1 0.9580729166666667 0.15231481481481482 0.08385416666666666 0.13055555555555556
3 0.9463541666666667 0.2513888888888889 0.065625 0.1175925925925926
4 0.90234375 0.5231481481481481 0.06770833333333333 0.13055555555555556
4 0.3841145833333333 0.6587962962962963 0.09010416666666667 0.19166666666666668
4 0.43645833333333334 0.1550925925925926 0.052083333333333336 0.09166666666666666
4 0.4440104166666667 0.9666666666666667 0.08177083333333333 0.06666666666666667
0 0.26145833333333335 0.9342592592592592 0.08072916666666667 0.13148148148148148
0 0.334375 0.687037037037037 0.07395833333333333 0.14444444444444443
0 0.6236979166666666 0.3296296296296296 0.06927083333333334 0.17592592592592593
0 0.5494791666666666 0.33935185185185185 0.04895833333333333 0.11481481481481481