6 0.25052083333333336 0.2518518518518518 0.071875 0.14537037037037037
6 0.83671875 0.24814814814814815 0.04739583333333333 0.12222222222222222
3 0.6911458333333333 0.5060185185185185 0.06458333333333334 0.17777777777777778
3 0.5263020833333333 0.1310185185185185 0.0609375 0.11203703703703703
1 0.06614583333333333 0.49583333333333335 0.13125 0.2796296296296296
1 0.25416666666666665 0.14537037037037037 0.14583333333333334 0.18981481481481483
0 0.425 0.7810185185185186 0.0640625 0.1287037037037037
0 0.5197916666666667 0.412962962962963 0.09375 0.16944444444444445
0 0.5760416666666667 0.3921296296296296 0.07447916666666667 0.1398148148148148
0 0.5611979166666666 0.899074074074074 0.06927083333333334 0.16111111111111112
4 0.8841145833333334 0.637962962962963 0.05572916666666667 0.17592592592592593
1 0.8700520833333333 0.1935185185185185 0.12083333333333333 0.17592592592592593
1 0.5143229166666666 0.04861111111111111 0.12552083333333333 0.09722222222222222
1 0.9846354166666667 0.16574074074074074 0.030729166666666665 0.07777777777777778
3 0.9846354166666667 0.2814814814814815 0.030729166666666665 0.10555555555555556
1 0.73515625 0.36435185185185187 0.1703125 0.2824074074074074
4 0.9669270833333333 0.7481481481481481 0.04739583333333333 0.12407407407407407