3 0.4934895833333333 0.14166666666666666 0.06822916666666666 0.1037037037037037
6 0.84765625 0.26435185185185184 0.0453125 0.08611111111111111
6 0.28463541666666664 0.23148148148148148 0.07708333333333334 0.12314814814814815
3 0.7380208333333333 0.6226851851851852 0.09479166666666666 0.11944444444444445
1 0.14192708333333334 0.4375 0.14375 0.2675925925925926
1 0.2942708333333333 0.14537037037037037 0.1328125 0.1648148148148148
1 0.4903645833333333 0.055092592592592596 0.11822916666666666 0.11018518518518519
1 0.759375 0.45 0.16354166666666667 0.25555555555555554
1 0.8729166666666667 0.20324074074074075 0.10625 0.1638888888888889
1 0.98203125 0.16944444444444445 0.0359375 0.07777777777777778
4 0.8815104166666666 0.6064814814814815 0.07447916666666667 0.16111111111111112
4 0.9734375 0.737037037037037 0.04635416666666667 0.11388888888888889
3 0.9846354166666667 0.26481481481481484 0.030729166666666665 0.10185185185185185
0 0.48515625 0.43333333333333335 0.08020833333333334 0.16111111111111112
0 0.5640625 0.44675925925925924 0.0703125 0.1638888888888889
0 0.5901041666666667 0.8935185185185185 0.078125 0.15555555555555556
0 0.4197916666666667 0.7921296296296296 0.08125 0.15648148148148147
1 0.38776041666666666 0.03194444444444444 0.0734375 0.062037037037037036