3 0.3203125 0.5273148148148148 0.08697916666666666 0.14907407407407408
6 0.5614583333333333 0.3055555555555556 0.07135416666666666 0.12037037037037036
6 0.778125 0.6782407407407407 0.11875 0.14907407407407408
3 0.7533854166666667 0.26064814814814813 0.07708333333333334 0.10648148148148148
6 0.37838541666666664 0.1425925925925926 0.034895833333333334 0.07962962962962963
1 0.2546875 0.39490740740740743 0.18854166666666666 0.26296296296296295
1 0.41458333333333336 0.1087962962962963 0.10572916666666667 0.14722222222222223
1 0.5356770833333333 0.19166666666666668 0.14322916666666666 0.2824074074074074
1 0.7549479166666667 0.13703703703703704 0.13333333333333333 0.2101851851851852
1 0.8018229166666667 0.5097222222222222 0.17864583333333334 0.30092592592592593
0 0.6447916666666667 0.47962962962962963 0.10104166666666667 0.17962962962962964
1 0.24192708333333332 0.5666666666666667 0.0171875 0.011111111111111112
1 0.020572916666666666 0.16898148148148148 0.04114583333333333 0.15833333333333333
0 0.475 0.9296296296296296 0.09114583333333333 0.1287037037037037
0 0.4140625 0.9416666666666667 0.07083333333333333 0.11666666666666667
0 0.37578125 0.44166666666666665 0.05572916666666667 0.1037037037037037