6 0.6244791666666667 0.15694444444444444 0.05625 0.10185185185185185
6 0.49895833333333334 0.1986111111111111 0.078125 0.13425925925925927
6 0.6466145833333333 0.6310185185185185 0.08541666666666667 0.23055555555555557
1 0.2669270833333333 0.28055555555555556 0.2203125 0.3314814814814815
0 0.38229166666666664 0.49907407407407406 0.12135416666666667 0.19444444444444445
0 0.46510416666666665 0.5287037037037037 0.06458333333333334 0.17222222222222222
1 0.4981770833333333 0.09074074074074075 0.10989583333333333 0.16666666666666666
1 0.6346354166666667 0.08981481481481482 0.0984375 0.11574074074074074
0 0.6494791666666667 0.31712962962962965 0.06145833333333333 0.07685185185185185
4 0.4934895833333333 0.9555555555555556 0.11822916666666666 0.08888888888888889
1 0.7059895833333333 0.5162037037037037 0.20572916666666666 0.36944444444444446
1 0.9682291666666667 0.15462962962962962 0.06354166666666666 0.14629629629629629
4 0.9192708333333334 0.7833333333333333 0.059375 0.14444444444444443
3 0.9625 0.24722222222222223 0.06979166666666667 0.12222222222222222