3 0.26875 0.5018518518518519 0.09583333333333334 0.12037037037037036
3 0.5526041666666667 0.5083333333333333 0.08854166666666667 0.15555555555555556
6 0.475 0.7962962962962963 0.03958333333333333 0.11296296296296296
6 0.4359375 0.8407407407407408 0.03854166666666667 0.09074074074074075
6 0.9786458333333333 0.6342592592592593 0.040625 0.1111111111111111
0 0.446875 0.0699074074074074 0.059375 0.13796296296296295
0 0.5013020833333334 0.06527777777777778 0.08489583333333334 0.13055555555555556
0 0.5981770833333333 0.029166666666666667 0.10572916666666667 0.058333333333333334
0 0.88671875 0.38101851851851853 0.0640625 0.1175925925925926
4 0.9190104166666667 0.2851851851851852 0.05572916666666667 0.13703703703703704
1 0.9786458333333333 0.7407407407407407 0.042708333333333334 0.1648148148148148
1 0.6033854166666667 0.6884259259259259 0.26510416666666664 0.21481481481481482
1 0.25234375 0.6680555555555555 0.17760416666666667 0.27314814814814814
1 0.5221354166666666 0.8768518518518519 0.14739583333333334 0.1962962962962963
1 0.45208333333333334 0.9046296296296297 0.071875 0.09166666666666666