6 0.16015625 0.274537037037037 0.06822916666666666 0.1037037037037037
6 0.2755208333333333 0.44305555555555554 0.0734375 0.13425925925925927
3 0.49166666666666664 0.12268518518518519 0.07864583333333333 0.12129629629629629
3 0.68359375 0.40324074074074073 0.10520833333333333 0.1685185185185185
6 0.9088541666666666 0.3 0.06041666666666667 0.10185185185185185
4 0.09973958333333334 0.737037037037037 0.08385416666666666 0.23148148148148148
1 0.16119791666666666 0.18009259259259258 0.11614583333333334 0.1425925925925926
0 0.17161458333333332 0.8194444444444444 0.06770833333333333 0.14907407407407408
0 0.30026041666666664 0.7902777777777777 0.10625 0.1287037037037037
0 0.3578125 0.7101851851851851 0.06510416666666667 0.17777777777777778
0 0.6268229166666667 0.6722222222222223 0.04791666666666667 0.16296296296296298
0 0.3927083333333333 0.6296296296296297 0.09010416666666667 0.1824074074074074
1 0.50390625 0.046296296296296294 0.12447916666666667 0.09259259259259259
1 0.7520833333333333 0.30833333333333335 0.16302083333333334 0.26944444444444443
1 0.921875 0.2152777777777778 0.0890625 0.18796296296296297
1 0.9872395833333333 0.1550925925925926 0.025520833333333333 0.1175925925925926
3 0.9828125 0.25601851851851853 0.034375 0.10185185185185185
4 0.9734375 0.7328703703703704 0.053125 0.11203703703703703