3 0.44244791666666666 0.26851851851851855 0.0703125 0.09814814814814815
6 0.7182291666666667 0.30648148148148147 0.0703125 0.125
1 0.16223958333333333 0.37453703703703706 0.1078125 0.20462962962962963
1 0.01875 0.4425925925925926 0.0375 0.15555555555555556
1 0.2986979166666667 0.3537037037037037 0.1171875 0.1685185185185185
1 0.37734375 0.5273148148148148 0.2328125 0.4351851851851852
1 0.47682291666666665 0.1486111111111111 0.13645833333333332 0.16574074074074074
1 0.76171875 0.23796296296296296 0.14010416666666667 0.21481481481481482
4 0.89375 0.4023148148148148 0.05 0.12407407407407407
4 0.6744791666666666 0.8810185185185185 0.06979166666666667 0.14351851851851852
4 0.6278645833333333 0.7111111111111111 0.049479166666666664 0.08703703703703704
0 0.21432291666666667 0.6689814814814815 0.08697916666666666 0.10092592592592593
0 0.15677083333333333 0.6157407407407407 0.0625 0.13240740740740742