3 0.31666666666666665 0.5398148148148149 0.09166666666666666 0.12962962962962962
6 0.3802083333333333 0.14444444444444443 0.03958333333333333 0.07962962962962963
6 0.5630208333333333 0.31574074074074077 0.07604166666666666 0.11851851851851852
3 0.7609375 0.2574074074074074 0.078125 0.09814814814814815
6 0.7671875 0.6842592592592592 0.11354166666666667 0.15555555555555556
1 0.25390625 0.42592592592592593 0.1765625 0.325
1 0.4049479166666667 0.09907407407407408 0.11822916666666666 0.15925925925925927
1 0.5419270833333333 0.20694444444444443 0.15885416666666666 0.25092592592592594
1 0.7578125 0.13564814814814816 0.12552083333333333 0.18888888888888888
1 0.7901041666666667 0.5064814814814815 0.190625 0.2833333333333333
0 0.47552083333333334 0.9212962962962963 0.10625 0.12407407407407407
0 0.4140625 0.950925925925926 0.09166666666666666 0.09814814814814815
0 0.37213541666666666 0.4375 0.06979166666666667 0.09537037037037037