1 0.1546875 0.1881578947368421 0.115625 0.1394736842105263
1 0.35 0.26973684210526316 0.1140625 0.16842105263157894
1 0.7390625 0.3263157894736842 0.1734375 0.26842105263157895
1 0.91171875 0.23421052631578948 0.103125 0.18421052631578946
1 0.61015625 0.04736842105263158 0.1421875 0.09473684210526316
6 0.1671875 0.3157894736842105 0.090625 0.12105263157894737
6 0.34453125 0.40921052631578947 0.0953125 0.12631578947368421
6 0.8984375 0.33289473684210524 0.0984375 0.10789473684210527
3 0.7015625 0.45921052631578946 0.1328125 0.17105263157894737
3 0.59609375 0.1118421052631579 0.1078125 0.12368421052631579
0 0.61015625 0.38552631578947366 0.090625 0.19210526315789472
0 0.5515625 0.4105263157894737 0.103125 0.13157894736842105
0 0.4203125 0.725 0.090625 0.17105263157894737
0 0.32734375 0.7157894736842105 0.1046875 0.15263157894736842
0 0.5875 0.8802631578947369 0.0625 0.14473684210526316
0 0.17578125 0.8078947368421052 0.0734375 0.1394736842105263
4 0.9625 0.7210526315789474 0.075 0.14210526315789473
6 0.9875 0.25921052631578945 0.025 0.12368421052631579
4 0.1265625 0.625 0.1 0.23684210526315788
4 0.05859375 0.7236842105263158 0.08125 0.19736842105263158