3 0.2578125 0.18472222222222223 0.06354166666666666 0.1398148148148148
3 0.025260416666666667 0.2726851851851852 0.04479166666666667 0.08888888888888889
3 0.53046875 0.5893518518518519 0.08385416666666666 0.1361111111111111
6 0.7786458333333334 0.4050925925925926 0.07864583333333333 0.13425925925925927
1 0.035416666666666666 0.19074074074074074 0.06979166666666667 0.11944444444444445
1 0.2799479166666667 0.0699074074074074 0.13177083333333334 0.13796296296296295
1 0.5114583333333333 0.4148148148148148 0.20572916666666666 0.24722222222222223
1 0.68046875 0.2300925925925926 0.1203125 0.1925925925925926
1 0.77265625 0.3138888888888889 0.13489583333333333 0.1527777777777778
0 0.6697916666666667 0.7361111111111112 0.07447916666666667 0.18611111111111112
0 0.196875 0.7388888888888889 0.07291666666666667 0.1675925925925926
4 0.04453125 0.3541666666666667 0.053125 0.11388888888888889
4 0.05859375 0.8541666666666666 0.053125 0.18796296296296297