6 0.5098958333333333 0.10462962962962963 0.057291666666666664 0.0962962962962963
3 0.81875 0.2064814814814815 0.09270833333333334 0.13425925925925927
3 0.08098958333333334 0.6217592592592592 0.11458333333333333 0.21666666666666667
6 0.15182291666666667 0.41805555555555557 0.08697916666666666 0.08055555555555556
3 0.9924479166666667 0.29583333333333334 0.015104166666666667 0.12685185185185185
1 0.1328125 0.29444444444444445 0.12239583333333333 0.2037037037037037
1 0.04140625 0.5587962962962963 0.0828125 0.33796296296296297
1 0.5119791666666667 0.05925925925925926 0.109375 0.11851851851851852
1 0.8278645833333333 0.0824074074074074 0.13333333333333333 0.16296296296296298
1 0.528125 0.34953703703703703 0.17708333333333334 0.35833333333333334
0 0.8856770833333333 0.788425925925926 0.04791666666666667 0.19166666666666668
0 0.9619791666666667 0.8777777777777778 0.06145833333333333 0.13703703703703704
0 0.29401041666666666 0.8583333333333333 0.06614583333333333 0.1962962962962963
4 0.7489583333333333 0.775 0.0875 0.11666666666666667
4 0.9447916666666667 0.513425925925926 0.0546875 0.08703703703703704
4 0.9619791666666667 0.7125 0.040625 0.08888888888888889
4 0.17005208333333333 0.6185185185185185 0.050520833333333334 0.14814814814814814