6 0.41822916666666665 0.26481481481481484 0.053125 0.10555555555555556
3 0.4890625 0.0824074074074074 0.040625 0.06666666666666667
6 0.540625 0.10462962962962963 0.05 0.08518518518518518
3 0.65625 0.1648148148148148 0.06666666666666667 0.11666666666666667
1 0.37838541666666664 0.18796296296296297 0.11302083333333333 0.21944444444444444
1 0.6940104166666666 0.08657407407407407 0.11614583333333334 0.15833333333333333
1 0.55625 0.05324074074074074 0.08385416666666666 0.10648148148148148
1 0.49140625 0.04398148148148148 0.06510416666666667 0.08796296296296297
4 0.4666666666666667 0.32407407407407407 0.029166666666666667 0.11574074074074074
4 0.4828125 0.4685185185185185 0.0546875 0.15648148148148147
0 0.60078125 0.48194444444444445 0.09166666666666666 0.15925925925925927