3 0.6557291666666667 0.4476851851851852 0.07239583333333334 0.13333333333333333
6 0.8486979166666667 0.30416666666666664 0.058854166666666666 0.10740740740740741
0 0.23046875 0.6898148148148148 0.0984375 0.08055555555555556
0 0.9325520833333333 0.7800925925925926 0.09322916666666667 0.15092592592592594
4 0.90390625 0.5888888888888889 0.059895833333333336 0.08888888888888889
4 0.8911458333333333 0.5055555555555555 0.0484375 0.10740740740740741
6 0.04114583333333333 0.5425925925925926 0.053125 0.1574074074074074
1 0.0234375 0.425 0.046875 0.2064814814814815
1 0.17317708333333334 0.5046296296296297 0.12291666666666666 0.21666666666666667
1 0.3143229166666667 0.3439814814814815 0.1625 0.10555555555555556
1 0.35494791666666664 0.5351851851851852 0.23645833333333333 0.3768518518518518
1 0.6888020833333334 0.30462962962962964 0.18229166666666666 0.262037037037037
1 0.8447916666666667 0.19212962962962962 0.12239583333333333 0.19074074074074074
1 0.98125 0.16898148148148148 0.0375 0.11388888888888889