6 0.46458333333333335 0.3925925925925926 0.08177083333333333 0.11296296296296296
6 0.94296875 0.48333333333333334 0.07760416666666667 0.1287037037037037
6 0.58203125 0.5467592592592593 0.11041666666666666 0.13055555555555556
3 0.24296875 0.6328703703703704 0.10833333333333334 0.09074074074074075
1 0.9611979166666667 0.15462962962962962 0.07760416666666667 0.16666666666666666
1 0.79140625 0.16064814814814815 0.12291666666666666 0.24537037037037038
1 0.6216145833333333 0.3921296296296296 0.20052083333333334 0.325
1 0.47317708333333336 0.2726851851851852 0.1359375 0.18611111111111112
1 0.22578125 0.45092592592592595 0.16614583333333333 0.3074074074074074
0 0.5127604166666667 0.6527777777777778 0.08697916666666666 0.15462962962962962
0 0.4278645833333333 0.6736111111111112 0.05572916666666667 0.1175925925925926
4 0.028385416666666666 0.6773148148148148 0.05572916666666667 0.13055555555555556
1 0.81953125 0.7222222222222222 0.04791666666666667 0.07777777777777778
1 0.9533854166666667 0.3736111111111111 0.09322916666666667 0.22685185185185186
0 0.38776041666666666 0.6064814814814815 0.043229166666666666 0.13703703703703704