6 0.23854166666666668 0.25925925925925924 0.058333333333333334 0.07592592592592592
6 0.45364583333333336 0.1361111111111111 0.040625 0.08888888888888889
3 0.7348958333333333 0.2212962962962963 0.08229166666666667 0.1037037037037037
1 0.09270833333333334 0.3111111111111111 0.10104166666666667 0.2
1 0.259375 0.1574074074074074 0.13541666666666666 0.18981481481481483
1 0.478125 0.09398148148148149 0.10104166666666667 0.1361111111111111
1 0.7479166666666667 0.10138888888888889 0.140625 0.20277777777777778
0 0.48776041666666664 0.3541666666666667 0.06822916666666666 0.10092592592592593
0 0.4395833333333333 0.3685185185185185 0.05520833333333333 0.09351851851851851
0 0.3645833333333333 0.8328703703703704 0.06145833333333333 0.1574074074074074
0 0.6614583333333334 0.5208333333333334 0.06822916666666666 0.11388888888888889
0 0.75703125 0.5712962962962963 0.12447916666666667 0.14074074074074075
0 0.9606770833333333 0.8851851851851852 0.041666666666666664 0.11388888888888889
4 0.9377604166666667 0.5208333333333334 0.0546875 0.06388888888888888
4 0.96484375 0.7217592592592592 0.026041666666666668 0.07037037037037037