6 0.32057291666666665 0.5657407407407408 0.09375 0.20185185185185187
6 0.5044270833333333 0.1300925925925926 0.046875 0.09074074074074075
3 0.9893229166666667 0.2671296296296296 0.015104166666666667 0.12314814814814815
0 0.4875 0.3402777777777778 0.05 0.10462962962962963
0 0.5341145833333333 0.32546296296296295 0.049479166666666664 0.10555555555555556
0 0.47109375 0.8291666666666667 0.059375 0.11944444444444445
0 0.9588541666666667 0.8851851851851852 0.052083333333333336 0.1259259259259259
4 0.9411458333333333 0.4935185185185185 0.04114583333333333 0.10277777777777777
4 0.9666666666666667 0.7217592592592592 0.043229166666666666 0.08333333333333333
1 0.027864583333333335 0.5125 0.0546875 0.3314814814814815
1 0.3015625 0.4212962962962963 0.18541666666666667 0.33425925925925926
1 0.5190104166666667 0.060648148148148145 0.09583333333333334 0.10740740740740741
1 0.7497395833333333 0.06018518518518518 0.15104166666666666 0.12037037037037036
4 0.56640625 0.5800925925925926 0.12135416666666667 0.20092592592592592