6 0.03411458333333333 0.6023148148148149 0.0640625 0.21944444444444444
6 0.16640625 0.3773148148148148 0.0859375 0.09259259259259259
3 0.46119791666666665 0.2884259259259259 0.11614583333333334 0.15648148148148147
3 0.5596354166666667 0.07546296296296297 0.06197916666666667 0.1287037037037037
3 0.73203125 0.5972222222222222 0.15104166666666666 0.2518518518518518
6 0.9533854166666667 0.3347222222222222 0.0609375 0.16574074074074074
1 0.03333333333333333 0.4787037037037037 0.06666666666666667 0.22777777777777777
1 0.17682291666666666 0.28935185185185186 0.11302083333333333 0.16944444444444445
4 0.18177083333333333 0.8375 0.078125 0.18518518518518517
4 0.18697916666666667 0.7847222222222222 0.109375 0.20277777777777778
0 0.17942708333333332 0.5712962962962963 0.06614583333333333 0.09074074074074075
0 0.18854166666666666 0.6842592592592592 0.08072916666666667 0.07037037037037037
0 0.42135416666666664 0.9277777777777778 0.07395833333333333 0.1037037037037037
4 0.37890625 0.1425925925925926 0.028125 0.10277777777777777
1 0.46145833333333336 0.125 0.16145833333333334 0.1925925925925926
1 0.7541666666666667 0.42314814814814816 0.18229166666666666 0.24259259259259258
1 0.9674479166666666 0.28564814814814815 0.06510416666666667 0.22870370370370371
1 0.49244791666666665 0.05092592592592592 0.0859375 0.1
1 0.5653645833333333 0.020833333333333332 0.0578125 0.041666666666666664