6 0.4734375 0.09722222222222222 0.03802083333333333 0.07685185185185185
3 0.68125 0.3509259259259259 0.06302083333333333 0.10648148148148148
3 0.8856770833333333 0.5851851851851851 0.07291666666666667 0.11944444444444445
6 0.534375 0.4675925925925926 0.08229166666666667 0.1388888888888889
4 0.5619791666666667 0.17731481481481481 0.046875 0.08055555555555556
1 0.45625 0.07685185185185185 0.07760416666666667 0.13333333333333333
0 0.4078125 0.26990740740740743 0.05416666666666667 0.12962962962962962
4 0.07994791666666666 0.7092592592592593 0.07552083333333333 0.10740740740740741
1 0.01484375 0.14629629629629629 0.0296875 0.12962962962962962
1 0.5098958333333333 0.29444444444444445 0.18072916666666666 0.24166666666666667
1 0.690625 0.2791666666666667 0.08854166666666667 0.16111111111111112
0 0.6268229166666667 0.7606481481481482 0.06770833333333333 0.14907407407407408
4 0.58671875 0.7935185185185185 0.07135416666666666 0.20277777777777778
4 0.5442708333333334 0.975925925925926 0.09427083333333333 0.04814814814814815
1 0.9135416666666667 0.43148148148148147 0.12447916666666667 0.23055555555555557
0 0.7255208333333333 0.9157407407407407 0.0921875 0.1685185185185185