6 0.6846354166666667 0.3625 0.058333333333333334 0.09907407407407408
3 0.8388020833333333 0.48055555555555557 0.0671875 0.14166666666666666
6 0.4661458333333333 0.11018518518518519 0.03177083333333333 0.08888888888888889
1 0.43463541666666666 0.08564814814814815 0.09739583333333333 0.10740740740740741
1 0.5606770833333333 0.37592592592592594 0.17239583333333333 0.24351851851851852
0 0.43020833333333336 0.2777777777777778 0.06770833333333333 0.15925925925925927
0 0.66328125 0.7245370370370371 0.04791666666666667 0.11388888888888889
0 0.6479166666666667 0.9314814814814815 0.07604166666666666 0.13333333333333333
0 0.8098958333333334 0.9449074074074074 0.09479166666666666 0.11018518518518519
1 0.88671875 0.3814814814814815 0.11302083333333333 0.24814814814814815
1 0.696875 0.2972222222222222 0.10104166666666667 0.1787037037037037
4 0.5869791666666667 0.16805555555555557 0.040625 0.062037037037037036
4 0.13151041666666666 0.6273148148148148 0.05364583333333333 0.09907407407407408
4 0.6216145833333333 0.6814814814814815 0.08958333333333333 0.16296296296296298
4 0.553125 0.9694444444444444 0.09166666666666666 0.06111111111111111
6 0.5651041666666666 0.5300925925925926 0.09427083333333333 0.0824074074074074