6 0.24895833333333334 0.38425925925925924 0.07135416666666666 0.17962962962962964
6 0.928125 0.31712962962962965 0.04583333333333333 0.10555555555555556
3 0.65546875 0.5365740740740741 0.07864583333333333 0.18518518518518517
3 0.55390625 0.11574074074074074 0.07760416666666667 0.1648148148148148
0 0.10416666666666667 0.6166666666666667 0.0890625 0.19444444444444445
0 0.25364583333333335 0.7282407407407407 0.09635416666666667 0.1398148148148148
0 0.31927083333333334 0.5106481481481482 0.08541666666666667 0.13055555555555556
0 0.5299479166666666 0.7800925925925926 0.14583333333333334 0.2
0 0.4549479166666667 0.6638888888888889 0.06875 0.1037037037037037
1 0.21432291666666667 0.17916666666666667 0.11458333333333333 0.08425925925925926
1 0.240625 0.31157407407407406 0.12239583333333333 0.1574074074074074
6 0.01640625 0.6796296296296296 0.0328125 0.2037037037037037
1 0.7299479166666667 0.4375 0.18802083333333333 0.3175925925925926
1 0.5760416666666667 0.06018518518518518 0.13020833333333334 0.11203703703703703
1 0.9533854166666667 0.26805555555555555 0.09322916666666667 0.18981481481481483