6 0.18411458333333333 0.6847222222222222 0.13697916666666668 0.22870370370370371
6 0.4934895833333333 0.3106481481481482 0.096875 0.13055555555555556
3 0.7341145833333333 0.5583333333333333 0.10833333333333334 0.21388888888888888
6 0.6171875 0.16296296296296298 0.04479166666666667 0.08888888888888889
3 0.221875 0.2037037037037037 0.0828125 0.1398148148148148
1 0.18541666666666667 0.4824074074074074 0.16458333333333333 0.2833333333333333
1 0.22604166666666667 0.07546296296296297 0.125 0.15092592592592594
0 0.30130208333333336 0.5731481481481482 0.059895833333333336 0.10185185185185185
1 0.5919270833333333 0.09259259259259259 0.0921875 0.11574074074074074
1 0.5197916666666667 0.18518518518518517 0.13229166666666667 0.20185185185185187
1 0.9924479166666667 0.17083333333333334 0.015104166666666667 0.09907407407407408
1 0.7729166666666667 0.40555555555555556 0.16979166666666667 0.2722222222222222
0 0.5942708333333333 0.9555555555555556 0.05520833333333333 0.08888888888888889
0 0.9651041666666667 0.29583333333333334 0.0609375 0.0962962962962963