6 0.17604166666666668 0.27037037037037037 0.05625 0.06851851851851852
6 0.036458333333333336 0.6018518518518519 0.06666666666666667 0.09814814814814815
6 0.29375 0.3787037037037037 0.06458333333333334 0.09259259259259259
6 0.9255208333333333 0.31666666666666665 0.04895833333333333 0.10555555555555556
3 0.6276041666666666 0.4685185185185185 0.06979166666666667 0.1648148148148148
3 0.521875 0.1361111111111111 0.07916666666666666 0.10740740740740741
1 0.034375 0.46620370370370373 0.06875 0.23981481481481481
1 0.17552083333333332 0.1736111111111111 0.11354166666666667 0.16574074074074074
1 0.26979166666666665 0.2962962962962963 0.13541666666666666 0.18333333333333332
4 0.07265625 0.9185185185185185 0.0921875 0.16296296296296298
0 0.26614583333333336 0.6523148148148148 0.09010416666666667 0.17222222222222222
0 0.3338541666666667 0.5912037037037037 0.08645833333333333 0.175
0 0.5458333333333333 0.48333333333333334 0.09791666666666667 0.14351851851851852
1 0.5333333333333333 0.0412037037037037 0.13177083333333334 0.06759259259259259
1 0.6916666666666667 0.3300925925925926 0.1671875 0.21944444444444444
1 0.9515625 0.262037037037037 0.096875 0.21481481481481482