3 0.5020833333333333 0.4388888888888889 0.07291666666666667 0.14814814814814814
3 0.7153645833333333 0.21898148148148147 0.075 0.1425925925925926
3 0.5640625 0.10601851851851851 0.053125 0.06574074074074074
6 0.42473958333333334 0.19444444444444445 0.053125 0.09259259259259259
0 0.17552083333333332 0.625 0.0578125 0.062037037037037036
0 0.1734375 0.7125 0.06458333333333334 0.06481481481481481
0 0.7643229166666666 0.9120370370370371 0.08645833333333333 0.13055555555555556
0 0.9385416666666667 0.6527777777777778 0.07395833333333333 0.20462962962962963
4 0.9671875 0.7828703703703703 0.058854166666666666 0.1425925925925926
1 0.7375 0.09907407407407408 0.1515625 0.1925925925925926
1 0.4466145833333333 0.10185185185185185 0.10260416666666666 0.13425925925925927
1 0.5604166666666667 0.040740740740740744 0.08854166666666667 0.08055555555555556
1 0.14739583333333334 0.31805555555555554 0.11927083333333334 0.125
6 0.1453125 0.4236111111111111 0.0765625 0.06296296296296296
4 0.38229166666666664 0.1449074074074074 0.03177083333333333 0.10740740740740741