3 0.23854166666666668 0.5703703703703704 0.0578125 0.09444444444444444
3 0.48541666666666666 0.0875 0.052083333333333336 0.062037037037037036
3 0.5161458333333333 0.2773148148148148 0.052083333333333336 0.09444444444444444
3 0.9361979166666666 0.06018518518518518 0.0375 0.1
6 0.7736979166666667 0.33287037037037037 0.08072916666666667 0.13055555555555556
1 0.7723958333333333 0.1884259259259259 0.14791666666666667 0.18796296296296297
1 0.49713541666666666 0.18333333333333332 0.12864583333333332 0.15185185185185185
1 0.19375 0.5314814814814814 0.10833333333333334 0.21388888888888888
1 0.4778645833333333 0.03194444444444444 0.10052083333333334 0.06388888888888888
1 0.5125 0.7416666666666667 0.225 0.26296296296296295
0 0.6380208333333334 0.5606481481481481 0.06666666666666667 0.13518518518518519
0 0.37604166666666666 0.6972222222222222 0.07708333333333334 0.08796296296296297
0 0.3640625 0.8199074074074074 0.08489583333333334 0.14722222222222223
4 0.7395833333333334 0.7263888888888889 0.06510416666666667 0.15833333333333333