6 0.0375 0.38796296296296295 0.06666666666666667 0.0962962962962963
3 0.38385416666666666 0.13148148148148148 0.09479166666666666 0.12037037037037036
6 0.4739583333333333 0.07407407407407407 0.058333333333333334 0.09444444444444444
3 0.6192708333333333 0.43333333333333335 0.10520833333333333 0.1648148148148148
6 0.9609375 0.5064814814814815 0.071875 0.11851851851851852
6 0.97734375 0.6796296296296296 0.044270833333333336 0.14629629629629629
1 0.033854166666666664 0.26064814814814813 0.06770833333333333 0.19814814814814816
1 0.3807291666666667 0.04675925925925926 0.11770833333333333 0.09351851851851851
1 0.4583333333333333 0.053703703703703705 0.040625 0.10740740740740741
1 0.5901041666666667 0.27546296296296297 0.17604166666666668 0.23425925925925925
1 0.9552083333333333 0.3958333333333333 0.08958333333333333 0.20277777777777778
4 0.8203125 0.8222222222222222 0.11145833333333334 0.19814814814814816
0 0.45390625 0.33611111111111114 0.0734375 0.13333333333333333
0 0.43307291666666664 0.4476851851851852 0.08697916666666666 0.1287037037037037
0 0.17083333333333334 0.8277777777777777 0.0625 0.1712962962962963
4 0.5299479166666666 0.05787037037037037 0.05260416666666667 0.11574074074074074