6 0.5052083333333334 0.19074074074074074 0.06770833333333333 0.12685185185185185
6 0.6302083333333334 0.16666666666666666 0.04895833333333333 0.10648148148148148
3 0.9263020833333333 0.2324074074074074 0.043229166666666666 0.09444444444444444
4 0.98203125 0.5611111111111111 0.0359375 0.11481481481481481
4 0.6572916666666667 0.5712962962962963 0.08125 0.17777777777777778
0 0.6552083333333333 0.34675925925925927 0.08020833333333334 0.12407407407407407
0 0.47109375 0.5925925925925926 0.06614583333333333 0.1398148148148148
1 0.94765625 0.16666666666666666 0.10260416666666666 0.15925925925925927
1 0.7854166666666667 0.20972222222222223 0.153125 0.17685185185185184
1 0.6338541666666667 0.09490740740740741 0.1 0.10092592592592593
1 0.4903645833333333 0.10324074074074074 0.12552083333333333 0.16666666666666666
1 0.10104166666666667 0.42314814814814816 0.17708333333333334 0.32592592592592595
1 0.18463541666666666 0.28194444444444444 0.1109375 0.1425925925925926
6 0.7372395833333333 0.350462962962963 0.08072916666666667 0.125
4 0.63203125 0.7546296296296297 0.04791666666666667 0.13703703703703704
0 0.6111979166666667 0.6601851851851852 0.04791666666666667 0.09074074074074075