6 0.6057291666666667 0.17731481481481481 0.06197916666666667 0.09722222222222222
3 0.22708333333333333 0.32407407407407407 0.04375 0.08148148148148149
1 0.034895833333333334 0.42685185185185187 0.06979166666666667 0.2351851851851852
1 0.24192708333333332 0.2513888888888889 0.121875 0.1425925925925926
1 0.41692708333333334 0.1648148148148148 0.19375 0.26666666666666666
1 0.95859375 0.1550925925925926 0.0828125 0.14907407407407408
4 0.8088541666666667 0.6157407407407407 0.06458333333333334 0.10555555555555556
4 0.9640625 0.6824074074074075 0.0625 0.09074074074074075
1 0.5916666666666667 0.09861111111111111 0.1265625 0.17592592592592593
0 0.59921875 0.5486111111111112 0.0859375 0.13240740740740742
0 0.67734375 0.6398148148148148 0.06875 0.14814814814814814