3 0.03125 0.2824074074074074 0.052083333333333336 0.09259259259259259
6 0.4354166666666667 0.10185185185185185 0.05416666666666667 0.09814814814814815
6 0.578125 0.25462962962962965 0.08333333333333333 0.09259259259259259
1 0.034895833333333334 0.20092592592592592 0.065625 0.15925925925925927
1 0.43515625 0.0587962962962963 0.084375 0.11018518518518519
1 0.5822916666666667 0.15601851851851853 0.13229166666666667 0.19907407407407407
1 0.5700520833333333 0.4527777777777778 0.16354166666666667 0.3296296296296296
1 0.8463541666666666 0.27685185185185185 0.1015625 0.07592592592592592
1 0.9481770833333333 0.5842592592592593 0.06197916666666667 0.1787037037037037
3 0.8346354166666666 0.35555555555555557 0.05364583333333333 0.1037037037037037
4 0.026822916666666665 0.7379629629629629 0.0421875 0.13518518518518519
4 0.0890625 0.5208333333333334 0.052083333333333336 0.0824074074074074
4 0.43125 0.5953703703703703 0.052083333333333336 0.09074074074074075
0 0.6041666666666666 0.6388888888888888 0.08333333333333333 0.12685185185185185
0 0.39739583333333334 0.25833333333333336 0.06458333333333334 0.1259259259259259
0 0.46822916666666664 0.23287037037037037 0.057291666666666664 0.11203703703703703