3 0.013541666666666667 0.28055555555555556 0.025 0.1
3 0.5354166666666667 0.18425925925925926 0.05416666666666667 0.1111111111111111
3 0.7916666666666666 0.4027777777777778 0.04791666666666667 0.1037037037037037
6 0.190625 0.3824074074074074 0.05416666666666667 0.11851851851851852
1 0.017447916666666667 0.1763888888888889 0.034895833333333334 0.1361111111111111
1 0.1421875 0.2986111111111111 0.15833333333333333 0.2564814814814815
1 0.4830729166666667 0.040740740740740744 0.0828125 0.07962962962962963
1 0.5796875 0.12546296296296297 0.109375 0.2064814814814815
1 0.840625 0.37592592592592594 0.11041666666666666 0.23703703703703705
1 0.6927083333333334 0.5814814814814815 0.17291666666666666 0.3648148148148148
0 0.45 0.500462962962963 0.052083333333333336 0.11574074074074074
0 0.47239583333333335 0.5662037037037037 0.09270833333333334 0.09907407407407408
4 0.53515625 0.7574074074074074 0.05572916666666667 0.16111111111111112
4 0.3458333333333333 0.6990740740740741 0.10052083333333334 0.1925925925925926
4 0.3268229166666667 0.5333333333333333 0.0765625 0.1574074074074074
4 0.02109375 0.7773148148148148 0.0375 0.1259259259259259