3 0.34140625 0.3106481481481482 0.05 0.07037037037037037
3 0.2908854166666667 0.8152777777777778 0.08697916666666666 0.13796296296296295
3 0.6885416666666667 0.11898148148148148 0.10833333333333334 0.13240740740740742
6 0.9184895833333333 0.11388888888888889 0.06458333333333334 0.11944444444444445
1 0.07708333333333334 0.8203703703703704 0.071875 0.21851851851851853
1 0.23385416666666667 0.6680555555555555 0.16822916666666668 0.28425925925925927
1 0.3502604166666667 0.45 0.15052083333333333 0.2064814814814815
1 0.32760416666666664 0.24027777777777778 0.09166666666666666 0.12685185185185185
1 0.6846354166666667 0.03935185185185185 0.14635416666666667 0.0787037037037037
1 0.9083333333333333 0.049074074074074076 0.09322916666666667 0.09814814814814815
0 0.8645833333333334 0.7092592592592593 0.071875 0.16944444444444445
0 0.6171875 0.6194444444444445 0.05260416666666667 0.16296296296296298
4 0.55234375 0.4847222222222222 0.06875 0.11574074074074074