3 0.5572916666666666 0.23333333333333334 0.09583333333333334 0.15
6 0.8348958333333333 0.27314814814814814 0.08645833333333333 0.17037037037037037
3 0.15572916666666667 0.44074074074074077 0.08020833333333334 0.10185185185185185
6 0.027083333333333334 0.5194444444444445 0.052083333333333336 0.1925925925925926
1 0.022395833333333334 0.4111111111111111 0.04479166666666667 0.20925925925925926
1 0.13359375 0.36342592592592593 0.109375 0.1935185185185185
1 0.5567708333333333 0.1310185185185185 0.11979166666666667 0.1361111111111111
1 0.3065104166666667 0.3296296296296296 0.14322916666666666 0.11388888888888889
1 0.36223958333333334 0.5393518518518519 0.24739583333333334 0.33611111111111114
1 0.8268229166666666 0.19675925925925927 0.128125 0.16944444444444445
1 0.9734375 0.17407407407407408 0.053125 0.14814814814814814
4 0.8734375 0.5106481481481482 0.0375 0.06851851851851852
4 0.884375 0.5638888888888889 0.04583333333333333 0.10185185185185185
0 0.659375 0.7449074074074075 0.06041666666666667 0.17222222222222222
0 0.18515625 0.6865740740740741 0.09166666666666666 0.1361111111111111
0 0.8958333333333334 0.8245370370370371 0.08541666666666667 0.16574074074074074
1 0.9723958333333333 0.8092592592592592 0.05520833333333333 0.33240740740740743