3 0.25390625 0.5907407407407408 0.12708333333333333 0.24722222222222223
3 0.3494791666666667 0.2712962962962963 0.10677083333333333 0.17037037037037037
3 0.4479166666666667 0.09675925925925925 0.0359375 0.07592592592592592
6 0.4979166666666667 0.17175925925925925 0.058854166666666666 0.12037037037037036
6 0.8763020833333334 0.41712962962962963 0.057291666666666664 0.1398148148148148
6 0.96875 0.7129629629629629 0.06145833333333333 0.19074074074074074
1 0.019270833333333334 0.2953703703703704 0.03854166666666667 0.15092592592592594
1 0.3390625 0.14212962962962963 0.16302083333333334 0.21481481481481482
1 0.22265625 0.425 0.221875 0.262037037037037
1 0.4515625 0.03425925925925926 0.058333333333333334 0.06851851851851852
1 0.5171875 0.07222222222222222 0.1234375 0.14444444444444443
4 0.61875 0.13703703703703704 0.0453125 0.1175925925925926
0 0.5776041666666667 0.6699074074074074 0.07447916666666667 0.14722222222222223
0 0.46328125 0.7694444444444445 0.11302083333333333 0.2037037037037037
0 0.8377604166666667 0.6782407407407407 0.06302083333333333 0.08888888888888889
0 0.83671875 0.6208333333333333 0.046875 0.10925925925925926
0 0.10234375 0.649537037037037 0.050520833333333334 0.08055555555555556
4 0.039322916666666666 0.7416666666666667 0.06354166666666666 0.13518518518518519
4 0.86484375 0.8652777777777778 0.05520833333333333 0.16018518518518518
4 0.88046875 0.8171296296296297 0.10729166666666666 0.09537037037037037