6 0.42942708333333335 0.14027777777777778 0.0484375 0.09259259259259259
6 0.7666666666666667 0.3527777777777778 0.08645833333333333 0.16203703703703703
0 0.634375 0.5069444444444444 0.059375 0.1537037037037037
1 0.78515625 0.22824074074074074 0.13541666666666666 0.20092592592592592
4 0.7255208333333333 0.8680555555555556 0.08541666666666667 0.1111111111111111
4 0.6463541666666667 0.7851851851851852 0.065625 0.17314814814814813
0 0.9557291666666666 0.8763888888888889 0.06979166666666667 0.1398148148148148
4 0.9598958333333333 0.5296296296296297 0.040625 0.1
1 0.10026041666666667 0.4527777777777778 0.0953125 0.21203703703703702
1 0.44296875 0.07407407407407407 0.071875 0.12129629629629629
1 0.54765625 0.09953703703703703 0.15677083333333333 0.19907407407407407