3 0.190625 0.28888888888888886 0.034375 0.09907407407407408
6 0.2794270833333333 0.612037037037037 0.10416666666666667 0.1925925925925926
6 0.5518229166666667 0.44675925925925924 0.1078125 0.1712962962962963
1 0.17552083333333332 0.26805555555555555 0.07864583333333333 0.14537037037037037
1 0.05703125 0.5587962962962963 0.075 0.1648148148148148
1 0.2674479166666667 0.4236111111111111 0.15208333333333332 0.2462962962962963
4 0.49557291666666664 0.45185185185185184 0.06614583333333333 0.11203703703703703
4 0.4630208333333333 0.9787037037037037 0.11927083333333334 0.04259259259259259
0 0.96171875 0.6916666666666667 0.0671875 0.15925925925925927
1 0.9638020833333333 0.18055555555555555 0.07239583333333334 0.1259259259259259
3 0.9619791666666667 0.2861111111111111 0.07604166666666666 0.10092592592592593
1 0.5705729166666667 0.05324074074074074 0.12916666666666668 0.10648148148148148
1 0.5744791666666667 0.29074074074074074 0.17916666666666667 0.23148148148148148
0 0.5098958333333333 0.75 0.05364583333333333 0.14537037037037037