6 0.16979166666666667 0.324537037037037 0.057291666666666664 0.07962962962962963
6 0.5997395833333333 0.12824074074074074 0.058333333333333334 0.09074074074074075
3 0.7606770833333333 0.1865740740740741 0.0578125 0.14722222222222223
1 0.165625 0.23055555555555557 0.1078125 0.15
1 0.025 0.5092592592592593 0.05 0.2518518518518518
1 0.31197916666666664 0.3337962962962963 0.15104166666666666 0.27037037037037037
1 0.5791666666666667 0.09305555555555556 0.1125 0.14166666666666666
1 0.7348958333333333 0.07962962962962963 0.13541666666666666 0.15925925925925927
1 0.9611979166666667 0.17777777777777778 0.07760416666666667 0.19444444444444445
4 0.9015625 0.7379629629629629 0.06979166666666667 0.14074074074074075
0 0.80703125 0.7481481481481481 0.07083333333333333 0.16111111111111112
0 0.5484375 0.7152777777777778 0.06458333333333334 0.16944444444444445
0 0.5135416666666667 0.35 0.05364583333333333 0.10555555555555556
0 0.19348958333333333 0.5773148148148148 0.06822916666666666 0.09166666666666666
0 0.9690104166666667 0.8953703703703704 0.0546875 0.13518518518518519