6 0.06302083333333333 0.5962962962962963 0.08020833333333334 0.10555555555555556
3 0.2390625 0.2601851851851852 0.084375 0.10740740740740741
6 0.5166666666666667 0.24444444444444444 0.07916666666666666 0.12037037037037036
6 0.6197916666666666 0.1388888888888889 0.029166666666666667 0.08333333333333333
3 0.6817708333333333 0.537962962962963 0.10104166666666667 0.15555555555555556
1 0.06328125 0.45601851851851855 0.11145833333333334 0.23055555555555557
1 0.24609375 0.11898148148148148 0.12291666666666666 0.18055555555555555
1 0.53671875 0.13287037037037036 0.12083333333333333 0.17685185185185184
1 0.596875 0.08842592592592592 0.08854166666666667 0.1259259259259259
1 0.74140625 0.38101851851851853 0.16927083333333334 0.2657407407407407
1 0.9828125 0.1814814814814815 0.034375 0.13796296296296295
0 0.23958333333333334 0.5837962962962963 0.08958333333333333 0.18981481481481483
0 0.33203125 0.6865740740740741 0.09010416666666667 0.2101851851851852
0 0.5778645833333333 0.9541666666666667 0.0859375 0.09166666666666666
0 0.4393229166666667 0.7175925925925926 0.06510416666666667 0.1361111111111111
4 0.8890625 0.4986111111111111 0.09635416666666667 0.1
4 0.90078125 0.674074074074074 0.07083333333333333 0.09907407407407408
0 0.9515625 0.30694444444444446 0.06197916666666667 0.10555555555555556