6 0.09166666666666666 0.6324074074074074 0.08333333333333333 0.1259259259259259
3 0.32447916666666665 0.22777777777777777 0.078125 0.12407407407407407
6 0.471875 0.21851851851851853 0.052083333333333336 0.15
6 0.61875 0.14444444444444443 0.03958333333333333 0.09444444444444444
3 0.6994791666666667 0.5388888888888889 0.09895833333333333 0.17222222222222222
1 0.08177083333333333 0.4888888888888889 0.15520833333333334 0.2601851851851852
1 0.334375 0.10046296296296296 0.115625 0.1925925925925926
1 0.5046875 0.12962962962962962 0.1265625 0.20833333333333334
1 0.596875 0.1050925925925926 0.08854166666666667 0.1712962962962963
1 0.7380208333333333 0.37453703703703706 0.18541666666666667 0.2537037037037037
4 0.31145833333333334 0.9064814814814814 0.08020833333333334 0.125
0 0.57421875 0.9296296296296296 0.08489583333333334 0.14074074074074075
0 0.32526041666666666 0.48518518518518516 0.10104166666666667 0.12314814814814815
0 0.23645833333333333 0.5712962962962963 0.09322916666666667 0.22685185185185186
0 0.34609375 0.5796296296296296 0.08020833333333334 0.14444444444444443
0 0.9708333333333333 0.5296296296296297 0.058333333333333334 0.15