3 0.9606770833333333 0.25555555555555554 0.046875 0.09814814814814815
6 0.5684895833333333 0.12222222222222222 0.052083333333333336 0.09444444444444444
6 0.70234375 0.37037037037037035 0.0609375 0.14629629629629629
1 0.2942708333333333 0.2523148148148148 0.10520833333333333 0.16944444444444445
1 0.4505208333333333 0.05694444444444444 0.084375 0.11388888888888889
1 0.571875 0.06759259259259259 0.08020833333333334 0.11481481481481481
1 0.75546875 0.2726851851851852 0.1625 0.28425925925925927
1 0.9697916666666667 0.19212962962962962 0.06041666666666667 0.1787037037037037
0 0.3380208333333333 0.7592592592592593 0.07760416666666667 0.11481481481481481
0 0.41328125 0.4652777777777778 0.06145833333333333 0.13796296296296295
0 0.4875 0.500462962962963 0.05 0.14629629629629629
0 0.5546875 0.2726851851851852 0.03854166666666667 0.1361111111111111
0 0.6125 0.2652777777777778 0.057291666666666664 0.1388888888888889
4 0.93203125 0.8013888888888889 0.057291666666666664 0.10092592592592593