3 0.018229166666666668 0.2777777777777778 0.0328125 0.0962962962962963
3 0.5390625 0.5208333333333334 0.09739583333333333 0.12962962962962962
6 0.8075520833333333 0.43287037037037035 0.07291666666666667 0.1425925925925926
3 0.4825520833333333 0.2222222222222222 0.1375 0.12777777777777777
0 0.2515625 0.7513888888888889 0.07864583333333333 0.18611111111111112
1 0.47890625 0.08981481481481482 0.17916666666666667 0.17962962962962964
1 0.8408854166666667 0.1925925925925926 0.14270833333333333 0.17962962962962964
4 0.88984375 0.8171296296296297 0.08385416666666666 0.16944444444444445
0 0.7041666666666667 0.6833333333333333 0.08072916666666667 0.14907407407407408
0 0.6192708333333333 0.6504629629629629 0.06041666666666667 0.19444444444444445
0 0.78828125 0.8041666666666667 0.0859375 0.16203703703703703
0 0.07630208333333334 0.9064814814814814 0.06822916666666666 0.11944444444444445
6 0.06744791666666666 0.7981481481481482 0.046875 0.13796296296296295
6 0.10807291666666667 0.5416666666666666 0.07604166666666666 0.08703703703703704