3 0.2557291666666667 0.18981481481481483 0.0765625 0.11481481481481481
6 0.49973958333333335 0.1111111111111111 0.0453125 0.07592592592592592
4 0.059895833333333336 0.5180555555555556 0.059375 0.07777777777777778
4 0.5221354166666666 0.8356481481481481 0.050520833333333334 0.1388888888888889
0 0.171875 0.7638888888888888 0.0859375 0.1675925925925926
0 0.41458333333333336 0.5453703703703704 0.07083333333333333 0.1388888888888889
0 0.47161458333333334 0.33796296296296297 0.06354166666666666 0.11296296296296296
0 0.5171875 0.325 0.078125 0.12314814814814815
1 0.4901041666666667 0.06388888888888888 0.10052083333333334 0.1259259259259259
1 0.22864583333333333 0.0837962962962963 0.15729166666666666 0.1675925925925926
1 0.009375 0.19675925925925927 0.01875 0.07685185185185185
3 0.0140625 0.3106481481481482 0.028125 0.10833333333333334
0 0.04348958333333333 0.8763888888888889 0.051041666666666666 0.1398148148148148
1 0.8098958333333334 0.1736111111111111 0.09791666666666667 0.1787037037037037
1 0.8114583333333333 0.3939814814814815 0.16354166666666667 0.29814814814814816
1 0.9760416666666667 0.5648148148148148 0.04791666666666667 0.26944444444444443