3 0.5010416666666667 0.16296296296296298 0.06041666666666667 0.11296296296296296
6 0.6875 0.5166666666666667 0.09583333333333334 0.1388888888888889
6 0.34322916666666664 0.6657407407407407 0.09270833333333334 0.2
3 0.28177083333333336 0.3592592592592593 0.04479166666666667 0.08703703703703704
0 0.34088541666666666 0.36203703703703705 0.0625 0.14722222222222223
0 0.45755208333333336 0.8337962962962963 0.10520833333333333 0.11018518518518519
0 0.45234375 0.9166666666666666 0.09479166666666666 0.14629629629629629
0 0.4354166666666667 0.6962962962962963 0.07083333333333333 0.13796296296296295
0 0.5567708333333333 0.9018518518518519 0.057291666666666664 0.15925925925925927
4 0.98203125 0.7671296296296296 0.0359375 0.11388888888888889
4 0.9018229166666667 0.6074074074074074 0.025 0.06481481481481481
1 0.28489583333333335 0.5930555555555556 0.165625 0.33240740740740743
1 0.25234375 0.2962962962962963 0.12864583333333332 0.18333333333333332
1 0.49270833333333336 0.08657407407407407 0.10885416666666667 0.12129629629629629
1 0.6888020833333334 0.3638888888888889 0.15416666666666667 0.22592592592592592
1 0.990625 0.20787037037037037 0.01875 0.09259259259259259
6 0.98203125 0.3236111111111111 0.0359375 0.11574074074074074