6 0.41041666666666665 0.22777777777777777 0.075 0.12037037037037036
3 0.4973958333333333 0.08703703703703704 0.05520833333333333 0.06851851851851852
6 0.29583333333333334 0.687962962962963 0.09166666666666666 0.15925925925925927
1 0.11979166666666667 0.3597222222222222 0.09947916666666666 0.1685185185185185
1 0.8635416666666667 0.09768518518518518 0.12916666666666668 0.1814814814814815
1 0.5018229166666667 0.03287037037037037 0.09270833333333334 0.06388888888888888
1 0.4197916666666667 0.12361111111111112 0.12291666666666666 0.15833333333333333
1 0.2942708333333333 0.5125 0.17447916666666666 0.24537037037037038
1 0.5625 0.5439814814814815 0.1828125 0.30185185185185187
0 0.88828125 0.500462962962963 0.11458333333333333 0.18333333333333332
0 0.3684895833333333 0.7416666666666667 0.0515625 0.12962962962962962
0 0.8580729166666666 0.8087962962962963 0.052083333333333336 0.12222222222222222
3 0.55859375 0.7569444444444444 0.11614583333333334 0.13518518518518519
3 0.8895833333333333 0.2324074074074074 0.06979166666666667 0.12314814814814815
6 0.12630208333333334 0.46574074074074073 0.07083333333333333 0.05925925925925926