6 0.16822916666666668 0.26481481481481484 0.071875 0.09814814814814815
6 0.2755208333333333 0.3768518518518518 0.08229166666666667 0.12962962962962962
3 0.5619791666666667 0.15925925925925927 0.07604166666666666 0.10185185185185185
3 0.6953125 0.41944444444444445 0.09270833333333334 0.15185185185185185
6 0.9161458333333333 0.28055555555555556 0.057291666666666664 0.0962962962962963
1 0.1625 0.16944444444444445 0.10833333333333334 0.1388888888888889
4 0.10546875 0.7736111111111111 0.0671875 0.13796296296296295
0 0.17005208333333333 0.8069444444444445 0.09635416666666667 0.14907407407407408
0 0.35859375 0.7018518518518518 0.084375 0.13703703703703704
0 0.2833333333333333 0.7236111111111111 0.10052083333333334 0.14351851851851852
4 0.022135416666666668 0.7060185185185185 0.044270833333333336 0.16944444444444445
1 0.2838541666666667 0.2759259259259259 0.1046875 0.14814814814814814
1 0.5799479166666667 0.06574074074074074 0.12760416666666666 0.13148148148148148
1 0.7372395833333333 0.300462962962963 0.13697916666666668 0.24722222222222223
1 0.94375 0.25462962962962965 0.09427083333333333 0.18703703703703703
1 0.9828125 0.1865740740740741 0.034375 0.11944444444444445
4 0.96875 0.7384259259259259 0.0625 0.14166666666666666
0 0.5838541666666667 0.8898148148148148 0.07604166666666666 0.17222222222222222
0 0.45989583333333334 0.6763888888888889 0.06458333333333334 0.15925925925925927