3 0.228125 0.32407407407407407 0.052083333333333336 0.08333333333333333
6 0.5645833333333333 0.21481481481481482 0.04791666666666667 0.10925925925925926
6 0.6203125 0.15 0.028125 0.07962962962962963
1 0.24401041666666667 0.25 0.1015625 0.1527777777777778
1 0.027083333333333334 0.4199074074074074 0.05416666666666667 0.1962962962962963
1 0.42890625 0.15046296296296297 0.18333333333333332 0.262037037037037
1 0.534375 0.10833333333333334 0.11614583333333334 0.20185185185185187
1 0.6088541666666667 0.08518518518518518 0.078125 0.14907407407407408
1 0.9671875 0.175 0.06510416666666667 0.13796296296296295
4 0.8018229166666667 0.6208333333333333 0.046875 0.12777777777777777
4 0.95546875 0.6671296296296296 0.04479166666666667 0.10925925925925926
0 0.6432291666666666 0.30648148148148147 0.04895833333333333 0.16018518518518518
0 0.6424479166666667 0.6675925925925926 0.07552083333333333 0.1787037037037037
3 0.4822916666666667 0.33055555555555555 0.08802083333333334 0.1527777777777778