6 0.3932291666666667 0.25555555555555554 0.071875 0.14629629629629629
6 0.5572916666666666 0.10740740740740741 0.03958333333333333 0.09814814814814815
4 0.2598958333333333 0.9078703703703703 0.09895833333333333 0.18425925925925926
0 0.9372395833333333 0.9467592592592593 0.07447916666666667 0.08888888888888889
1 0.9838541666666667 0.19768518518518519 0.03229166666666667 0.08425925925925926
3 0.9864583333333333 0.3138888888888889 0.027083333333333334 0.09537037037037037
1 0.11276041666666667 0.3263888888888889 0.109375 0.1935185185185185
1 0.29010416666666666 0.21481481481481482 0.07916666666666666 0.15
3 0.3263020833333333 0.25925925925925924 0.050520833333333334 0.10925925925925926
1 0.39114583333333336 0.13935185185185187 0.13177083333333334 0.18425925925925926
1 0.5692708333333333 0.05138888888888889 0.08541666666666667 0.07685185185185185
0 0.5890625 0.26990740740740743 0.0484375 0.10555555555555556
0 0.5169270833333334 0.25555555555555554 0.06041666666666667 0.11388888888888889
1 0.32760416666666664 0.46435185185185185 0.19583333333333333 0.3212962962962963