6 0.6057291666666667 0.17731481481481481 0.06197916666666667 0.09814814814814815
3 0.22708333333333333 0.32407407407407407 0.044270833333333336 0.08148148148148149
1 0.03697916666666667 0.4050925925925926 0.07291666666666667 0.20925925925925926
1 0.23489583333333333 0.2337962962962963 0.12447916666666667 0.16944444444444445
1 0.41328125 0.13842592592592592 0.18645833333333334 0.2564814814814815
1 0.5841145833333333 0.09259259259259259 0.11822916666666666 0.14629629629629629
1 0.9591145833333333 0.16157407407407406 0.06302083333333333 0.14814814814814814
4 0.9598958333333333 0.6726851851851852 0.040625 0.11481481481481481
4 0.8088541666666667 0.6185185185185185 0.03697916666666667 0.11203703703703703
0 0.67265625 0.6263888888888889 0.0453125 0.0962962962962963
0 0.5880208333333333 0.5509259259259259 0.11979166666666667 0.11203703703703703
3 0.47630208333333335 0.3296296296296296 0.06302083333333333 0.21203703703703702