6 0.3919270833333333 0.13194444444444445 0.033854166666666664 0.125
6 0.5083333333333333 0.07916666666666666 0.04791666666666667 0.10185185185185185
4 0.4005208333333333 0.2912037037037037 0.07083333333333333 0.1111111111111111
4 0.66328125 0.9018518518518519 0.08229166666666667 0.08518518518518518
4 0.9401041666666666 0.5467592592592593 0.059375 0.1037037037037037
0 0.5567708333333333 0.21712962962962962 0.078125 0.14814814814814814
0 0.5002604166666667 0.23425925925925925 0.04791666666666667 0.12685185185185185
1 0.39765625 0.06898148148148148 0.06510416666666667 0.07407407407407407
1 0.5122395833333333 0.03888888888888889 0.071875 0.07777777777777778
1 0.16770833333333332 0.4777777777777778 0.12916666666666668 0.2740740740740741
1 0.25364583333333335 0.36157407407407405 0.08958333333333333 0.22685185185185186
1 0.3450520833333333 0.4652777777777778 0.1890625 0.3611111111111111