6 0.05234375 0.7444444444444445 0.0890625 0.1712962962962963
3 0.15286458333333333 0.5236111111111111 0.084375 0.16018518518518518
3 0.5234375 0.22546296296296298 0.09635416666666667 0.13703703703703704
1 0.1296875 0.4837962962962963 0.10572916666666667 0.2
1 0.03359375 0.6425925925925926 0.06614583333333333 0.1537037037037037
1 0.36796875 0.3388888888888889 0.16875 0.13240740740740742
1 0.40286458333333336 0.5430555555555555 0.2421875 0.337037037037037
1 0.5411458333333333 0.1111111111111111 0.12760416666666666 0.15833333333333333
0 0.26484375 0.7717592592592593 0.1015625 0.11018518518518519
0 0.13046875 0.7513888888888889 0.06197916666666667 0.15462962962962962
4 0.16744791666666667 0.8675925925925926 0.0765625 0.06666666666666667
0 0.38515625 0.7842592592592592 0.078125 0.11018518518518519