6 0.2546875 0.25972222222222224 0.11041666666666666 0.14537037037037037
6 0.4778645833333333 0.7185185185185186 0.057291666666666664 0.1648148148148148
6 0.6236979166666666 0.8527777777777777 0.03177083333333333 0.11851851851851852
3 0.7203125 0.43703703703703706 0.09791666666666667 0.19074074074074074
3 0.3046875 0.7273148148148149 0.065625 0.1361111111111111
1 0.7578125 0.6277777777777778 0.18125 0.34074074074074073
1 0.52734375 0.8092592592592592 0.1234375 0.25833333333333336
1 0.32526041666666666 0.8555555555555555 0.14270833333333333 0.18981481481481483
1 0.25078125 0.47129629629629627 0.25052083333333336 0.33611111111111114
1 0.509375 0.08101851851851852 0.09375 0.14166666666666666
1 0.5950520833333334 0.047685185185185185 0.050520833333333334 0.08055555555555556