6 0.022395833333333334 0.26296296296296295 0.04479166666666667 0.07962962962962963
3 0.24322916666666666 0.1787037037037037 0.08229166666666667 0.11481481481481481
1 0.028385416666666666 0.18055555555555555 0.05572916666666667 0.15
1 0.24583333333333332 0.06481481481481481 0.140625 0.12962962962962962
1 0.6380208333333334 0.2861111111111111 0.12916666666666668 0.21851851851851853
1 0.73828125 0.35 0.16302083333333334 0.25925925925925924
1 0.8544270833333333 0.3162037037037037 0.10364583333333334 0.21666666666666667
1 0.9846354166666667 0.44675925925925924 0.030729166666666665 0.12685185185185185
4 0.08567708333333333 0.5680555555555555 0.09375 0.1287037037037037
0 0.203125 0.5462962962962963 0.071875 0.12685185185185185
0 0.2716145833333333 0.575462962962963 0.11510416666666666 0.1425925925925926
0 0.5125 0.9 0.065625 0.15555555555555556
4 0.8544270833333333 0.5981481481481481 0.04114583333333333 0.10185185185185185
4 0.04583333333333333 0.7648148148148148 0.05260416666666667 0.10185185185185185