6 0.13958333333333334 0.32916666666666666 0.06666666666666667 0.0824074074074074
6 0.5028645833333333 0.1087962962962963 0.04375 0.0824074074074074
3 0.29453125 0.3675925925925926 0.058854166666666666 0.12037037037037036
3 0.73203125 0.13333333333333333 0.0546875 0.08796296296296297
1 0.15572916666666667 0.23981481481481481 0.11614583333333334 0.15648148148148147
1 0.33515625 0.2518518518518518 0.15520833333333334 0.19907407407407407
1 0.51953125 0.059722222222222225 0.09010416666666667 0.09259259259259259
1 0.7166666666666667 0.047685185185185185 0.1265625 0.09259259259259259
0 0.6596354166666667 0.4527777777777778 0.11302083333333333 0.13796296296296295
0 0.7192708333333333 0.462037037037037 0.08645833333333333 0.14444444444444443
4 0.93828125 0.47314814814814815 0.06979166666666667 0.09814814814814815
0 0.45989583333333334 0.3347222222222222 0.0609375 0.09907407407407408
0 0.49661458333333336 0.30925925925925923 0.06145833333333333 0.10462962962962963
1 0.98984375 0.20879629629629629 0.0203125 0.09537037037037037
0 0.17005208333333333 0.5625 0.07135416666666666 0.10462962962962963