3 0.12885 0.3565480427046263 0.11615 0.20395017793594306
3 0.33385000000000004 0.6563167259786478 0.11231000000000001 0.26142348754448397
3 0.58692 0.621405693950178 0.12769 0.2600533807829182
3 0.82 0.7712811387900356 0.13538 0.26142348754448397
3 0.7469199999999999 0.5488612099644128 0.07845999999999999 0.23816725978647685
3 0.445 0.6234519572953736 0.08846 0.16288256227758008
3 0.49615 0.4256761565836299 0.049229999999999996 0.14508896797153026
3 0.84692 0.2627935943060498 0.05692 0.12866548042704626
3 0.78154 0.10128113879003559 0.049229999999999996 0.1095017793594306
3 0.79462 0.1936832740213523 0.055380000000000006 0.1190747330960854
3 0.26962 0.171779359430605 0.05615 0.10265124555160142
3 0.17115 0.1895729537366548 0.04385 0.08622775800711743
3 0.11808 0.1266014234875445 0.053079999999999995 0.10539145907473309
3 0.33154 0.04174377224199288 0.03538 0.06160142348754448
2 0.45962000000000003 0.28811387900355867 0.08385 0.15466192170818505