1 0.04157 0.05793333333333333 0.07781 0.11586666666666666
1 0.10857 0.054599999999999996 0.0318 0.10919999999999999
1 0.23387 0.17908333333333334 0.05842 0.12261666666666665
1 0.30786 0.16963333333333333 0.03839 0.12371666666666667
1 0.37051999999999996 0.17741666666666667 0.0677 0.09926666666666667
1 0.43251 0.14461666666666667 0.05568 0.09368333333333334
1 0.50283 0.1513 0.05632 0.13369999999999999
1 0.5691499999999999 0.16963333333333333 0.06495999999999999 0.14595
1 0.6431399999999999 0.14463333333333334 0.03694 0.13369999999999999
1 0.7004600000000001 0.15906666666666666 0.04759 0.08701666666666667
1 0.7837799999999999 0.044583333333333336 0.06222 0.08918333333333334
1 0.8464400000000001 0.056266666666666666 0.03554 0.11030000000000001
1 0.9090900000000001 0.04903333333333334 0.040850000000000004 0.09808333333333334
1 0.50549 0.4941833333333333 0.061649999999999996 0.10615
1 0.42184 0.5125166666666666 0.07435 0.08281666666666666
1 0.36651999999999996 0.4997333333333333 0.0597 0.10391666666666667
1 0.30119 0.4991833333333333 0.08106000000000001 0.10948333333333334
1 0.23787 0.4897333333333333 0.08241 0.11058333333333333
1 0.15522 0.4836166666666667 0.05311 0.07835
1 0.09456999999999999 0.48695000000000005 0.0438 0.09834999999999999
1 0.049909999999999996 0.5030666666666667 0.07448 0.09725
1 0.02491 0.7164666666666667 0.04982 0.07071666666666666
1 0.02924 0.8142833333333334 0.05715 0.07966666666666666
1 0.03658 0.9448833333333333 0.04782 0.06753333333333333
1 0.10523 0.8387333333333333 0.05713 0.08858333333333333
1 0.17289 0.8331833333333334 0.04444 0.07746666666666666
1 0.22154 0.8148333333333333 0.045759999999999995 0.1008
1 0.38051 0.9438833333333334 0.08769 0.11221666666666666
1 0.52116 0.9455500000000001 0.08098000000000001 0.10888333333333333
1 0.6254700000000001 0.9465499999999999 0.06161 0.09531666666666666
1 0.6964600000000001 0.9355500000000001 0.03959 0.12888333333333332
1 0.7724500000000001 0.9515499999999999 0.07156 0.0942
1 0.8541 0.9405500000000001 0.046869999999999995 0.11888333333333333
1 0.9030900000000001 0.9372166666666667 0.02085 0.12555
1 0.96233 0.8320666666666667 0.07533 0.08858333333333333
1 0.97233 0.9488833333333334 0.05533 0.10221666666666666
1 0.62714 0.5075333333333333 0.06894 0.15061666666666668
1 0.7044600000000001 0.3819166666666667 0.06358 0.0994
1 0.57233 0.72245 0.05615 0.11485
1 0.5049399999999999 0.7242999999999999 0.07325 0.11538333333333334
1 0.29724 0.7211333333333333 0.05086 0.10271666666666666
3 0.24330000000000002 0.9750666666666666 0.0474 0.04986666666666667
3 0.30041 0.9626666666666667 0.03062 0.050383333333333336
3 0.43914 0.96795 0.05176 0.06411666666666667
3 0.36716000000000004 0.9661 0.03502 0.04775
3 0.30911 0.86955 0.046119999999999994 0.06985
3 0.36463 0.8616333333333334 0.03755 0.03501666666666667
3 0.44118999999999997 0.8603166666666667 0.03879 0.06086666666666667
3 0.49735 0.8574166666666667 0.03909000000000001 0.032916666666666664
3 0.5679 0.859 0.039700000000000006 0.0424
3 0.63497 0.8650666666666667 0.033350000000000005 0.06403333333333333
3 0.69572 0.84845 0.040920000000000005 0.059283333333333334
3 0.56632 0.7421500000000001 0.02514 0.0397
3 0.50447 0.7513833333333333 0.03624 0.048666666666666664
3 0.37238 0.74715 0.04736 0.027566666666666666
3 0.44104000000000004 0.75665 0.032780000000000004 0.05288333333333333
3 0.44167 0.6464 0.05683 0.0792
3 0.30484 0.63795 0.035679999999999996 0.03698333333333333
3 0.36669 0.634 0.03977 0.032233333333333336
3 0.16753 0.8500333333333333 0.02687 0.04345
3 0.15535 0.9711166666666666 0.038579999999999996 0.05778333333333334
3 0.23571 0.8521333333333333 0.03222 0.04135
3 0.17212 0.75665 0.04553 0.05921666666666667
3 0.18098 0.6506166666666666 0.06324 0.062316666666666666
3 0.77006 0.8621666666666666 0.04152 0.05506666666666667
3 0.8262200000000001 0.8624333333333334 0.04182 0.039766666666666665
3 0.90247 0.8605833333333334 0.031039999999999998 0.039233333333333335
3 0.83587 0.7519 0.04403 0.049716666666666666
3 0.90104 0.744 0.02629 0.05288333333333333
3 0.76912 0.7403 0.03583 0.03283333333333333
3 0.69999 0.7500666666666667 0.028579999999999998 0.036533333333333334
3 0.6375 0.7474166666666666 0.03841 0.03125
3 0.62738 0.9621333333333333 0.02576 0.024
3 0.70331 0.96715 0.040909999999999995 0.030866666666666667
3 0.6287999999999999 0.9711166666666666 0.045689999999999995 0.05778333333333334
3 0.57645 0.9703166666666667 0.030199999999999998 0.04986666666666667
3 0.50368 0.9687333333333333 0.040350000000000004 0.0467
3 0.84156 0.9676833333333333 0.040229999999999995 0.050916666666666666
3 0.90816 0.9742666666666666 0.031039999999999998 0.04828333333333333
3 0.90927 0.6384833333333333 0.038939999999999995 0.03805
3 0.83777 0.6369 0.04403 0.04753333333333333
3 0.76943 0.6500833333333333 0.04026 0.054933333333333334
3 0.7031499999999999 0.63795 0.0349 0.04331666666666666
3 0.63561 0.6353166666666666 0.046 0.0507
3 0.5682200000000001 0.63585 0.03653 0.04543333333333333
3 0.50668 0.6342666666666666 0.04446 0.05491666666666667
3 0.50368 0.29910000000000003 0.05554 0.037083333333333336
3 0.56284 0.3028 0.02198 0.0508
3 0.56553 0.4030333333333333 0.04065 0.05508333333333333
3 0.50399 0.40356666666666663 0.04858 0.0688
3 0.43707999999999997 0.41041666666666665 0.05714 0.044533333333333334
3 0.30879 0.41859999999999997 0.053079999999999995 0.045066666666666665
3 0.37207 0.41728333333333334 0.05432 0.051916666666666667
3 0.2395 0.40751666666666664 0.07398 0.054549999999999994
3 0.16484000000000001 0.4112166666666667 0.03478 0.04928333333333333
3 0.17022 0.30333333333333334 0.037939999999999995 0.045516666666666664
3 0.23381 0.30438333333333334 0.047409999999999994 0.05396666666666667
3 0.30310000000000004 0.3025333333333334 0.03789 0.05976666666666666
3 0.36701 0.3025333333333334 0.0404 0.05976666666666666
3 0.42933 0.31439999999999996 0.04734 0.06135
3 0.42886 0.1994 0.05208 0.09081666666666667
3 0.51222 0.19703333333333334 0.04225 0.05758333333333333
3 0.56948 0.20151666666666665 0.03527 0.07605
3 0.63687 0.19043333333333334 0.02955 0.06021666666666667
3 0.69556 0.18989999999999999 0.03491 0.06549999999999999
3 0.77323 0.1936 0.04405 0.0349
3 0.83302 0.19703333333333334 0.04593 0.06391666666666666
3 0.83824 0.2869666666666667 0.03169 0.05711666666666667
3 0.76548 0.3006833333333333 0.030449999999999998 0.04025
3 0.8945599999999999 0.3117666666666667 0.0342 0.06873333333333334
3 0.8304900000000001 0.41991666666666666 0.04467 0.044533333333333334
3 0.9040499999999999 0.4151666666666667 0.038 0.03503333333333333
3 0.83745 0.53545 0.05099 0.035116666666666664
3 0.9016799999999999 0.5328 0.038950000000000005 0.023516666666666665
3 0.70331 0.5317500000000001 0.0599 0.040383333333333334
3 0.63355 0.5388833333333333 0.0286 0.034583333333333334
3 0.56632 0.5296500000000001 0.03653 0.0425
3 0.5002 0.5227833333333334 0.056170000000000005 0.047766666666666666
3 0.43344 0.5254166666666666 0.02899 0.03405
3 0.36859 0.51645 0.03977 0.0351
3 0.30041 0.52885 0.0458 0.050416666666666665
3 0.23982 0.5241 0.032850000000000004 0.053566666666666665
3 0.17117 0.5275333333333333 0.04743 0.044616666666666666
3 0.24378 0.63595 0.03507 0.05575000000000001
3 0.36938 0.08718333333333333 0.028059999999999998 0.024583333333333332
3 0.43582 0.0827 0.04322 0.031433333333333334
3 0.30136 0.08375 0.047700000000000006 0.058866666666666664
3 0.23856 0.08348333333333334 0.03412 0.02985
3 0.16437000000000002 0.08638333333333333 0.03573 0.0325
3 0.16959 0.19665 0.048060000000000005 0.025183333333333332
3 0.23777 0.18741666666666668 0.03823 0.06051666666666667
3 0.8369800000000001 0.08898333333333333 0.03296 0.03766666666666667
3 0.90452 0.0808 0.03325 0.056133333333333334
3 0.76912 0.0837 0.03203 0.05243333333333333
3 0.70363 0.07816666666666666 0.045340000000000005 0.05085
3 0.5672699999999999 0.08184999999999999 0.03464 0.04558333333333334
3 0.5002 0.08053333333333333 0.03339 0.03345
3 0.90389 0.07421666666666667 0.03958 0.05243333333333333
3 0.9076900000000001 0.19265000000000002 0.03958 0.07730000000000001
3 0.83239 0.19185 0.03707 0.053566666666666665
3 0.90231 0.29868333333333336 0.032619999999999996 0.0742
3 0.8314400000000001 0.749 0.03518 0.057216666666666666
3 0.90895 0.6334666666666666 0.038310000000000004 0.0603
3 0.83872 0.6382166666666667 0.03454 0.025483333333333334