3 0.77125 0.2196828358208955 0.0475 0.05690298507462686
3 0.435 0.13199626865671643 0.06375 0.08115671641791045
3 0.688125 0.16044776119402984 0.05125 0.05970149253731343
3 0.2465625 0.228544776119403 0.056875 0.05970149253731343
3 0.56125 0.18796641791044777 0.04875 0.05503731343283582
3 0.130625 0.21455223880597016 0.035 0.05223880597014925
3 0.6325 0.3824626865671642 0.05 0.055970149253731345
3 0.8790625 0.23647388059701493 0.039375 0.0457089552238806
3 0.973125 0.16651119402985073 0.0525 0.0625
3 0.83375 0.23600746268656717 0.025 0.03544776119402985
3 0.338125 0.24673507462686567 0.04 0.04197761194029851