3 0.64 0.5064620355411955 0.04909090909090909 0.07269789983844911
3 0.49818181818181817 0.4305331179321486 0.05454545454545454 0.06946688206785137
3 0.8204545454545454 0.14378029079159935 0.053636363636363635 0.06462035541195477
3 0.5686363636363636 0.9151857835218093 0.07181818181818182 0.09531502423263329
3 0.17545454545454545 0.7956381260096931 0.038181818181818185 0.06623586429725363
3 0.7477272727272727 0.23021001615508885 0.05909090909090909 0.08562197092084006
3 0.07454545454545454 0.3360258481421648 0.05818181818181818 0.07754442649434572
3 0.12409090909090909 0.8634894991922456 0.07181818181818182 0.10823909531502424
3 0.6545454545454545 0.22617124394184168 0.06363636363636363 0.09693053311793215
3 0.4890909090909091 0.21890145395799676 0.07272727272727272 0.0888529886914378
3 0.9313636363636364 0.6736672051696284 0.07363636363636364 0.1098546042003231
3 0.275 0.5129240710823909 0.06454545454545454 0.0791599353796446
3 0.2595454545454545 0.22536348949919224 0.053636363636363635 0.07269789983844911
3 0.8959090909090909 0.32067851373182554 0.06272727272727273 0.08239095315024232
3 0.5118181818181818 0.815831987075929 0.05272727272727273 0.0840064620355412
3 0.045 0.9571890145395799 0.07545454545454545 0.08239095315024232
3 0.29772727272727273 0.014539579967689823 0.046363636363636364 0.029079159935379646
3 0.4954545454545455 0.07350565428109855 0.06363636363636363 0.05331179321486268