3 0.7302083333333333 0.6134259259259259 0.03333333333333333 0.04351851851851852
3 0.016927083333333332 0.5231481481481481 0.024479166666666666 0.03518518518518519
3 0.340625 0.9060185185185186 0.034375 0.05092592592592592
3 0.4278645833333333 0.8194444444444444 0.03177083333333333 0.046296296296296294
3 0.4940104166666667 0.6611111111111111 0.0296875 0.040740740740740744
3 0.5065104166666666 0.3726851851851852 0.025520833333333333 0.03611111111111111
3 0.39348958333333334 0.7097222222222223 0.027604166666666666 0.03796296296296296
3 0.96796875 0.31574074074074077 0.0203125 0.02962962962962963
3 0.9505208333333334 0.9444444444444444 0.034375 0.04259259259259259
3 0.13723958333333333 0.513425925925926 0.025520833333333333 0.03425925925925926
3 0.9822916666666667 0.9120370370370371 0.03333333333333333 0.05185185185185185
3 0.2747395833333333 0.41944444444444445 0.0234375 0.03333333333333333
3 0.5627604166666667 0.38981481481481484 0.022395833333333334 0.03518518518518519
3 0.4778645833333333 0.32314814814814813 0.0265625 0.03518518518518519
3 0.91015625 0.11527777777777778 0.0171875 0.026851851851851852
3 0.75078125 0.49537037037037035 0.027604166666666666 0.04259259259259259
3 0.76484375 0.42268518518518516 0.022395833333333334 0.03611111111111111
3 0.39765625 0.8050925925925926 0.025520833333333333 0.041666666666666664
3 0.58203125 0.350462962962963 0.0203125 0.028703703703703703
3 0.8890625 0.2675925925925926 0.019791666666666666 0.025925925925925925
3 0.07473958333333333 0.5 0.0234375 0.03148148148148148
3 0.4153645833333333 0.1648148148148148 0.018229166666666668 0.027777777777777776
3 0.9856770833333334 0.5925925925925926 0.027604166666666666 0.037037037037037035
3 0.38385416666666666 0.28055555555555556 0.022916666666666665 0.03333333333333333
3 0.47552083333333334 0.6078703703703704 0.026041666666666668 0.03425925925925926
3 0.6236979166666666 0.5726851851851852 0.0296875 0.03981481481481482
3 0.9231770833333334 0.3837962962962963 0.0234375 0.030555555555555555
3 0.4390625 0.3800925925925926 0.023958333333333335 0.026851851851851852
3 0.27447916666666666 0.6935185185185185 0.029166666666666667 0.04259259259259259
3 0.7010416666666667 0.4009259259259259 0.021875 0.037037037037037035
3 0.35859375 0.36898148148148147 0.0234375 0.04351851851851852
3 0.86484375 0.11712962962962963 0.018229166666666668 0.026851851851851852
3 0.56484375 0.034722222222222224 0.0171875 0.026851851851851852
3 0.27682291666666664 0.08842592592592592 0.016145833333333335 0.025
3 0.5296875 0.20925925925925926 0.019791666666666666 0.024074074074074074
3 0.809375 0.20694444444444443 0.023958333333333335 0.030555555555555555
3 0.6328125 0.8842592592592593 0.03125 0.03888888888888889
3 0.4513020833333333 0.46111111111111114 0.021354166666666667 0.02962962962962963
3 0.7598958333333333 0.5916666666666667 0.025 0.037037037037037035
3 0.08932291666666667 0.15833333333333333 0.018229166666666668 0.03148148148148148
3 0.3028645833333333 0.6291666666666667 0.027604166666666666 0.03425925925925926
3 0.5184895833333333 0.48657407407407405 0.0203125 0.03611111111111111
3 0.9559895833333333 0.4597222222222222 0.025520833333333333 0.030555555555555555
3 0.5205729166666667 0.07916666666666666 0.018229166666666668 0.026851851851851852
3 0.6635416666666667 0.28425925925925927 0.01875 0.025925925925925925
3 0.6770833333333334 0.9722222222222222 0.034375 0.044444444444444446
3 0.08046875 0.8041666666666667 0.0203125 0.03796296296296296
3 0.5872395833333334 0.287962962962963 0.018229166666666668 0.027777777777777776
3 0.8567708333333334 0.29444444444444445 0.021875 0.02962962962962963
3 0.34036458333333336 0.16805555555555557 0.018229166666666668 0.026851851851851852
3 0.65234375 0.14583333333333334 0.0203125 0.023148148148148147
3 0.44895833333333335 0.03888888888888889 0.017708333333333333 0.03148148148148148
3 0.9890625 0.6884259259259259 0.020833333333333332 0.041666666666666664
3 0.7455364583333334 0.1640185185185185 0.020833333333333332 0.021166666666666667
3 0.37314062499999995 0.49867592592592597 0.023067708333333332 0.039685185185185184
3 0.6335572916666667 0.41071296296296295 0.02753125 0.030425925925925926
3 0.7306562499999999 0.45635185185185184 0.029760416666666668 0.03175