3 0.287841796875 0.5481770833333334 0.11669921875 0.12369791666666667
3 0.540771484375 0.455078125 0.06201171875 0.0625
3 0.400634765625 0.392578125 0.02392578125 0.028645833333333332
3 0.058837890625 0.5979817708333334 0.06591796875 0.091796875
3 0.824951171875 0.4563802083333333 0.04931640625 0.052083333333333336
3 0.083984375 0.435546875 0.0361328125 0.037760416666666664
3 0.443115234375 0.4635416666666667 0.04150390625 0.04296875
3 0.9892578125 0.4720052083333333 0.0205078125 0.05078125
3 0.231689453125 0.3678385416666667 0.02001953125 0.028645833333333332
3 0.89111328125 0.4055989583333333 0.021484375 0.024739583333333332
3 0.74755859375 0.4469401041666667 0.021484375 0.022786458333333332
3 0.119873046875 0.3997395833333333 0.02099609375 0.024739583333333332
3 0.505126953125 0.4069010416666667 0.01611328125 0.03515625
3 0.701904296875 0.3971354166666667 0.02783203125 0.024739583333333332
3 0.2001953125 0.43359375 0.046875 0.044270833333333336