4 0.13984375 0.09765625 0.1765625 0.14375
4 0.35703125 0.11796875 0.1140625 0.1671875
4 0.58359375 0.08984375 0.1640625 0.140625
4 0.87109375 0.12421875 0.184375 0.125
4 0.10234375 0.3359375 0.1421875 0.20625
4 0.4046875 0.40390625 0.19375 0.1328125
4 0.57890625 0.3359375 0.1140625 0.2171875
4 0.90859375 0.3765625 0.16875 0.1765625
4 0.1046875 0.61796875 0.1203125 0.2046875
4 0.31328125 0.63359375 0.2484375 0.140625
4 0.61171875 0.628125 0.2875 0.1515625
4 0.90546875 0.60859375 0.1875 0.196875
4 0.13125 0.8296875 0.140625 0.19375
4 0.328125 0.8296875 0.175 0.2453125
4 0.6078125 0.8453125 0.153125 0.25625
4 0.8625 0.87109375 0.1671875 0.1703125