3 0.078125 0.232796486090776 0.046875 0.06734992679355783
3 0.517578125 0.36603221083455345 0.052734375 0.06149341142020498
3 0.623046875 0.27232796486090777 0.0546875 0.05856515373352855
3 0.255859375 0.287701317715959 0.046875 0.05124450951683748
3 0.953125 0.10248901903367497 0.03125 0.03513909224011713
3 0.18798828125 0.12152269399707175 0.0341796875 0.032210834553440704
3 0.5185546875 0.09663250366032211 0.033203125 0.03806734992679356
3 0.74853515625 0.0629575402635432 0.0322265625 0.03806734992679356
3 0.66650390625 0.1383601756954612 0.0322265625 0.036603221083455345
3 0.4130859375 0.14714494875549047 0.04296875 0.05710102489019034
3 0.453125 0.08857979502196194 0.03125 0.036603221083455345
3 0.369140625 0.09297218155197658 0.03125 0.03367496339677892
3 0.60009765625 0.040995607613469986 0.0244140625 0.029282576866764276