1 0.2015625 0.24444444444444444 0.04375 0.058333333333333334
6 0.21015625 0.2763888888888889 0.03125 0.04722222222222222
1 0.49765625 0.09861111111111111 0.0359375 0.044444444444444446
6 0.496875 0.13333333333333333 0.0265625 0.03611111111111111
1 0.4140625 0.6291666666666667 0.075 0.16111111111111112
5 0.6796875 0.16527777777777777 0.046875 0.09166666666666666
6 0.66328125 0.18611111111111112 0.03125 0.05
4 0.62890625 0.25 0.0390625 0.044444444444444446
4 0.6234375 0.2847222222222222 0.040625 0.058333333333333334
4 0.25078125 0.37777777777777777 0.0234375 0.041666666666666664
4 0.50234375 0.27361111111111114 0.0234375 0.044444444444444446