4 0.5 0.26944444444444443 0.01875 0.030555555555555555
4 0.49609375 0.2833333333333333 0.028125 0.030555555555555555
6 0.49921875 0.13333333333333333 0.0265625 0.030555555555555555
5 0.49453125 0.09444444444444444 0.0390625 0.03611111111111111
5 0.68828125 0.14305555555555555 0.040625 0.07777777777777778
6 0.671875 0.16805555555555557 0.03125 0.041666666666666664
4 0.6640625 0.26666666666666666 0.025 0.05277777777777778
4 0.646875 0.23472222222222222 0.0265625 0.05277777777777778
1 0.24765625 0.4930555555555556 0.0703125 0.11388888888888889
1 0.3453125 0.7541666666666667 0.08125 0.15
6 0.259375 0.5722222222222222 0.05 0.027777777777777776