1 0.26796875 0.40131578947368424 0.0546875 0.10526315789473684
1 0.58828125 0.20789473684210527 0.046875 0.07105263157894737
5 0.71328125 0.7157894736842105 0.078125 0.15526315789473685
1 0.88203125 0.4486842105263158 0.053125 0.10263157894736842
6 0.59140625 0.24078947368421053 0.0359375 0.05789473684210526
4 0.58203125 0.26842105263157895 0.0421875 0.08947368421052632
4 0.546875 0.4276315789473684 0.0359375 0.07105263157894737
6 0.8671875 0.48289473684210527 0.0421875 0.06315789473684211
4 0.84296875 0.7328947368421053 0.0421875 0.07105263157894737
4 0.78515625 0.6276315789473684 0.0375 0.060526315789473685
6 0.70234375 0.781578947368421 0.05 0.07631578947368421
4 0.68828125 0.8894736842105263 0.059375 0.10526315789473684
4 0.3015625 0.6763157894736842 0.04375 0.07631578947368421
4 0.22734375 0.5578947368421052 0.040625 0.07368421052631578
4 0.2703125 0.45263157894736844 0.059375 0.060526315789473685