5 0.36484375 0.6578947368421053 0.0921875 0.12631578947368421
1 0.32890625 0.16842105263157894 0.0375 0.060526315789473685
1 0.41875 0.24342105263157895 0.046875 0.07105263157894737
1 0.8015625 0.6842105263157895 0.053125 0.12631578947368421
0 0.315625 0.2894736842105263 0.0328125 0.039473684210526314
4 0.3171875 0.3355263157894737 0.0390625 0.034210526315789476
4 0.33125 0.8368421052631579 0.05 0.06842105263157895
4 0.3859375 0.95 0.071875 0.07368421052631578
4 0.7265625 0.8460526315789474 0.040625 0.06578947368421052
0 0.73515625 0.8 0.0515625 0.06315789473684211
0 0.4203125 0.4263157894736842 0.046875 0.04736842105263158