1 0.15234375 0.3541666666666667 0.0421875 0.08055555555555556
6 0.1671875 0.39444444444444443 0.021875 0.05
4 0.18984375 0.6375 0.0328125 0.041666666666666664
4 0.5015625 0.2833333333333333 0.01875 0.03888888888888889
4 0.51015625 0.2625 0.0203125 0.041666666666666664
4 0.61953125 0.3013888888888889 0.028125 0.041666666666666664
4 0.615625 0.25833333333333336 0.034375 0.05
6 0.6453125 0.15833333333333333 0.03125 0.05
6 0.5015625 0.13194444444444445 0.028125 0.03888888888888889
1 0.496875 0.1 0.03125 0.03888888888888889
5 0.6578125 0.13055555555555556 0.0375 0.07777777777777778
1 0.38515625 0.7263888888888889 0.103125 0.16111111111111112
4 0.3265625 0.9402777777777778 0.0453125 0.08611111111111111