1 0.50078125 0.16578947368421051 0.040625 0.05263157894736842
1 0.3875 0.3907894736842105 0.059375 0.08947368421052632
1 0.6375 0.45657894736842103 0.0625 0.10526315789473684
1 0.3921875 0.08552631578947369 0.0359375 0.03684210526315789
0 0.59140625 0.8671052631578947 0.05 0.09210526315789473
4 0.596875 0.5921052631578947 0.0390625 0.09210526315789473
6 0.6125 0.5236842105263158 0.05 0.06842105263157895
4 0.46640625 0.5723684210526315 0.0421875 0.06842105263157895
4 0.534375 0.44473684210526315 0.025 0.07368421052631578
4 0.4453125 0.4118421052631579 0.0234375 0.07631578947368421
6 0.41796875 0.46578947368421053 0.0265625 0.06842105263157895
6 0.4984375 0.22763157894736843 0.0421875 0.04736842105263158
4 0.38046875 0.20789473684210527 0.0265625 0.04473684210526316