1 0.4984375 0.10394736842105264 0.0359375 0.05
5 0.6796875 0.16842105263157894 0.0359375 0.09210526315789473
1 0.20234375 0.24868421052631579 0.0375 0.07894736842105263
1 0.41015625 0.6394736842105263 0.0765625 0.18421052631578946
6 0.6640625 0.19473684210526315 0.03125 0.06842105263157895
4 0.634375 0.25263157894736843 0.0515625 0.05526315789473684
4 0.63203125 0.30394736842105263 0.040625 0.08157894736842106
4 0.50078125 0.2776315789473684 0.0453125 0.07631578947368421
6 0.496875 0.13421052631578947 0.0375 0.034210526315789476
6 0.21171875 0.28421052631578947 0.0375 0.05526315789473684
4 0.25078125 0.3868421052631579 0.0421875 0.06315789473684211