1 0.38203125 0.09868421052631579 0.03125 0.060526315789473685
1 0.40234375 0.38026315789473686 0.059375 0.08947368421052632
1 0.6328125 0.4263157894736842 0.065625 0.11578947368421053
1 0.71875 0.2710526315789474 0.040625 0.07368421052631578
6 0.42109375 0.42894736842105263 0.059375 0.05526315789473684
6 0.71484375 0.32894736842105265 0.0546875 0.07105263157894737
6 0.3859375 0.13289473684210526 0.034375 0.05
4 0.45625 0.5552631578947368 0.040625 0.08157894736842106
4 0.58984375 0.5407894736842105 0.0453125 0.06315789473684211
6 0.6234375 0.4855263157894737 0.071875 0.1
0 0.59296875 0.8 0.0609375 0.11052631578947368
0 0.73359375 0.5144736842105263 0.0328125 0.060526315789473685
4 0.37734375 0.20789473684210527 0.0359375 0.03684210526315789