1 0.2234375 0.2763888888888889 0.0515625 0.06944444444444445
6 0.23359375 0.3138888888888889 0.0296875 0.041666666666666664
4 0.26796875 0.5069444444444444 0.0328125 0.041666666666666664
4 0.253125 0.4263888888888889 0.021875 0.03888888888888889
4 0.48046875 0.48194444444444445 0.0328125 0.06666666666666667
4 0.45 0.4111111111111111 0.021875 0.041666666666666664
4 0.43671875 0.36666666666666664 0.0234375 0.04722222222222222
5 0.45703125 0.10277777777777777 0.040625 0.05555555555555555
6 0.4515625 0.14583333333333334 0.0359375 0.03611111111111111
1 0.490625 0.23333333333333334 0.0453125 0.06944444444444445
6 0.48671875 0.2847222222222222 0.0375 0.03333333333333333