1 0.4 0.175 0.0375 0.07105263157894737
5 0.64609375 0.2513157894736842 0.0515625 0.11842105263157894
1 0.76875 0.22631578947368422 0.04375 0.06315789473684211
1 0.171875 0.41578947368421054 0.0484375 0.11315789473684211
1 0.2265625 0.5671052631578948 0.065625 0.11315789473684211
6 0.6421875 0.2881578947368421 0.0546875 0.06578947368421052
6 0.39765625 0.20789473684210527 0.034375 0.05
6 0.1828125 0.4605263157894737 0.0359375 0.04736842105263158
6 0.76171875 0.2578947368421053 0.028125 0.034210526315789476
4 0.74609375 0.44342105263157894 0.028125 0.05263157894736842
4 0.61875 0.4723684210526316 0.0609375 0.09210526315789473
4 0.73203125 0.3684210526315789 0.01875 0.04473684210526316
4 0.36484375 0.39210526315789473 0.025 0.05263157894736842
4 0.4453125 0.38026315789473686 0.025 0.05789473684210526
4 0.2109375 0.7723684210526316 0.0359375 0.07105263157894737
6 0.234375 0.6473684210526316 0.040625 0.060526315789473685