4 0.20234375 0.7847222222222222 0.0609375 0.08888888888888889
6 0.39765625 0.20972222222222223 0.040625 0.03888888888888889
6 0.63671875 0.3013888888888889 0.040625 0.07777777777777778
6 0.7625 0.25277777777777777 0.028125 0.03888888888888889
1 0.4 0.16805555555555557 0.0515625 0.05555555555555555
1 0.17265625 0.4111111111111111 0.059375 0.10277777777777777
1 0.23046875 0.5569444444444445 0.0625 0.09166666666666666
1 0.76953125 0.22777777777777777 0.053125 0.07222222222222222
5 0.64921875 0.225 0.0546875 0.08055555555555556
4 0.61953125 0.4666666666666667 0.059375 0.08611111111111111
4 0.74296875 0.4527777777777778 0.0296875 0.058333333333333334
4 0.73359375 0.375 0.01875 0.04722222222222222
4 0.365625 0.3972222222222222 0.0234375 0.05
4 0.44921875 0.3875 0.025 0.06666666666666667
6 0.18359375 0.4666666666666667 0.0421875 0.03333333333333333
6 0.23515625 0.6416666666666667 0.06875 0.08055555555555556