1 0.1546875 0.3381578947368421 0.06875 0.10263157894736842
5 0.3828125 0.09736842105263158 0.034375 0.06842105263157895
1 0.4796875 0.20657894736842106 0.0515625 0.08157894736842106
6 0.38046875 0.14078947368421052 0.0453125 0.05789473684210526
4 0.3828125 0.25263157894736843 0.0359375 0.05
4 0.3515625 0.2381578947368421 0.028125 0.042105263157894736
4 0.4578125 0.3907894736842105 0.040625 0.06315789473684211
4 0.4875 0.4368421052631579 0.0375 0.08947368421052632
4 0.22265625 0.5513157894736842 0.03125 0.08157894736842106
6 0.18515625 0.40657894736842104 0.0421875 0.06842105263157895
6 0.47734375 0.28289473684210525 0.0359375 0.031578947368421054