1 0.2421875 0.44342105263157894 0.059375 0.11842105263157894
1 0.584375 0.26842105263157895 0.0515625 0.09473684210526316
1 0.796875 0.41973684210526313 0.0453125 0.10263157894736842
0 0.25390625 0.8052631578947368 0.0546875 0.1
4 0.33359375 0.6907894736842105 0.0484375 0.10526315789473684
4 0.53984375 0.4842105263157895 0.0390625 0.1
4 0.58828125 0.5236842105263158 0.046875 0.09473684210526316
6 0.58203125 0.32894736842105265 0.0421875 0.05263157894736842
6 0.79453125 0.4697368421052632 0.0453125 0.060526315789473685
4 0.7640625 0.743421052631579 0.0484375 0.09736842105263158
6 0.2546875 0.5105263157894737 0.05625 0.06315789473684211
4 0.725 0.5776315789473684 0.034375 0.08157894736842106