1 0.546875 0.12631578947368421 0.0359375 0.06315789473684211
1 0.74609375 0.30394736842105263 0.034375 0.05526315789473684
1 0.85703125 0.24342105263157895 0.0328125 0.039473684210526314
1 0.93046875 0.3447368421052632 0.0328125 0.07105263157894737
1 0.92890625 0.2881578947368421 0.0359375 0.039473684210526314
4 0.5984375 0.2381578947368421 0.0265625 0.04473684210526316
4 0.7171875 0.4618421052631579 0.0171875 0.04473684210526316
4 0.840625 0.5815789473684211 0.025 0.06315789473684211
4 0.87109375 0.4355263157894737 0.028125 0.042105263157894736
4 0.8578125 0.4052631578947368 0.0296875 0.05
4 0.81796875 0.375 0.021875 0.03684210526315789
6 0.915625 0.37236842105263157 0.01875 0.05
6 0.90859375 0.3171052631578947 0.0234375 0.042105263157894736
6 0.85859375 0.27631578947368424 0.0265625 0.03684210526315789