5 0.67109375 0.12222222222222222 0.0421875 0.044444444444444446
5 0.4921875 0.10694444444444444 0.0375 0.03611111111111111
6 0.66328125 0.1625 0.0359375 0.041666666666666664
6 0.4953125 0.1388888888888889 0.028125 0.030555555555555555
4 0.65703125 0.2625 0.0203125 0.05277777777777778
4 0.640625 0.2513888888888889 0.01875 0.05277777777777778
6 0.66015625 0.5791666666666667 0.0484375 0.06388888888888888
1 0.6609375 0.5097222222222222 0.09375 0.12222222222222222
1 0.3453125 0.75 0.0875 0.15555555555555556
6 0.38359375 0.8041666666666667 0.0484375 0.09722222222222222
4 0.51796875 0.29305555555555557 0.0203125 0.05277777777777778