1 0.37578125 0.075 0.0265625 0.03888888888888889
6 0.37734375 0.10416666666666667 0.03125 0.027777777777777776
6 0.30703125 0.1625 0.028125 0.041666666666666664
1 0.2984375 0.12777777777777777 0.03125 0.027777777777777776
1 0.17421875 0.3819444444444444 0.0515625 0.09444444444444444
6 0.19140625 0.4125 0.028125 0.06388888888888888
5 0.60078125 0.17222222222222222 0.053125 0.08888888888888889
6 0.578125 0.2 0.028125 0.05555555555555555
4 0.39296875 0.21666666666666667 0.0234375 0.03333333333333333
4 0.3484375 0.2388888888888889 0.025 0.03333333333333333
4 0.325 0.2513888888888889 0.021875 0.03611111111111111
4 0.2453125 0.5541666666666667 0.028125 0.041666666666666664
4 0.5625 0.5166666666666667 0.03125 0.05555555555555555