1 0.6328125 0.3907894736842105 0.0625 0.1
1 0.375 0.3881578947368421 0.065625 0.07894736842105263
1 0.36171875 0.12763157894736843 0.0328125 0.05526315789473684
1 0.3828125 0.09605263157894736 0.034375 0.05789473684210526
0 0.615625 0.7723684210526316 0.04375 0.10263157894736842
4 0.59375 0.5736842105263158 0.034375 0.05526315789473684
4 0.45390625 0.5605263157894737 0.0390625 0.07894736842105263
4 0.39296875 0.2855263157894737 0.0390625 0.04473684210526316
6 0.6265625 0.45657894736842103 0.0515625 0.06842105263157895
6 0.38828125 0.45 0.0484375 0.06842105263157895
6 0.3625 0.15394736842105264 0.034375 0.05