1 0.54375 0.14583333333333334 0.040625 0.05
6 0.54296875 0.18888888888888888 0.0328125 0.044444444444444446
4 0.51484375 0.3486111111111111 0.01875 0.06666666666666667
4 0.56328125 0.3375 0.03125 0.05
1 0.8046875 0.24583333333333332 0.034375 0.06944444444444445
1 0.81328125 0.17083333333333334 0.028125 0.03611111111111111
5 0.8546875 0.18472222222222223 0.0296875 0.06111111111111111
6 0.84765625 0.20555555555555555 0.0234375 0.03611111111111111
6 0.92890625 0.35833333333333334 0.0265625 0.041666666666666664
4 0.7796875 0.4361111111111111 0.028125 0.044444444444444446
1 0.94296875 0.3375 0.028125 0.06388888888888888