1 0.2 0.39305555555555555 0.0578125 0.075
1 0.49375 0.09027777777777778 0.040625 0.03333333333333333
5 0.66796875 0.1388888888888889 0.046875 0.06388888888888888
1 0.3625 0.7166666666666667 0.103125 0.1361111111111111
4 0.46953125 0.30416666666666664 0.0203125 0.044444444444444446
4 0.51953125 0.29583333333333334 0.015625 0.04722222222222222
4 0.61484375 0.25416666666666665 0.0203125 0.058333333333333334
6 0.49765625 0.13333333333333333 0.0296875 0.03888888888888889
6 0.64921875 0.18333333333333332 0.0359375 0.04722222222222222
6 0.21328125 0.44166666666666665 0.0375 0.044444444444444446
3 0.3875 0.8166666666666667 0.06875 0.044444444444444446