1 0.33515625 0.33157894736842103 0.05 0.10526315789473684
1 0.73359375 0.4394736842105263 0.0625 0.11052631578947368
1 0.6265625 0.7921052631578948 0.090625 0.2
1 0.8015625 0.2513157894736842 0.028125 0.060526315789473685
1 0.884375 0.28157894736842104 0.0328125 0.06842105263157895
4 0.721875 0.6776315789473685 0.075 0.06578947368421052
4 0.40390625 0.5539473684210526 0.0359375 0.06578947368421052
6 0.3375 0.3631578947368421 0.05 0.05789473684210526
4 0.66796875 0.9 0.0515625 0.08421052631578947
6 0.734375 0.531578947368421 0.0578125 0.05526315789473684
6 0.80078125 0.275 0.0359375 0.05526315789473684