5 0.58046875 0.14342105263157895 0.0375 0.060526315789473685
5 0.67890625 0.04868421052631579 0.03125 0.03684210526315789
5 0.72421875 0.7578947368421053 0.046875 0.1368421052631579
5 0.7734375 0.5881578947368421 0.0546875 0.13157894736842105
1 0.83046875 0.17894736842105263 0.0328125 0.07631578947368421
1 0.75234375 0.17105263157894737 0.0296875 0.06315789473684211
1 0.44296875 0.8855263157894737 0.0859375 0.14736842105263157
4 0.59609375 0.8236842105263158 0.059375 0.10263157894736842
4 0.63828125 0.756578947368421 0.053125 0.06578947368421052
4 0.7109375 0.5236842105263158 0.0625 0.07105263157894737
4 0.66015625 0.19473684210526315 0.021875 0.04736842105263158
6 0.7484375 0.5855263157894737 0.021875 0.04736842105263158
6 0.5875 0.16973684210526316 0.028125 0.034210526315789476
6 0.67734375 0.07105263157894737 0.0296875 0.03684210526315789