1 0.67265625 0.43194444444444446 0.0859375 0.1527777777777778
1 0.1453125 0.3819444444444444 0.046875 0.09166666666666666
1 0.22578125 0.4027777777777778 0.0625 0.09444444444444444
1 0.8671875 0.25416666666666665 0.03125 0.058333333333333334
4 0.90546875 0.3680555555555556 0.0234375 0.030555555555555555
4 0.7109375 0.6833333333333333 0.05 0.08611111111111111
4 0.15078125 0.6333333333333333 0.0390625 0.07777777777777778
4 0.184375 0.6236111111111111 0.0265625 0.08055555555555556
6 0.14765625 0.43333333333333335 0.0265625 0.041666666666666664
6 0.22734375 0.4777777777777778 0.0296875 0.027777777777777776
6 0.86640625 0.2902777777777778 0.0203125 0.030555555555555555