3 0.18833333333333332 0.2531969309462916 0.043333333333333335 0.05370843989769821
3 0.9295833333333333 0.46611253196930946 0.10583333333333333 0.10869565217391304
3 0.8104166666666667 0.19053708439897699 0.04083333333333333 0.05370843989769821
3 0.41083333333333333 0.24616368286445012 0.04833333333333333 0.054987212276214836
3 0.7970833333333334 0.3350383631713555 0.0625 0.08951406649616368
3 0.26375 0.2647058823529412 0.030833333333333334 0.05370843989769821
3 0.5791666666666667 0.35805626598465473 0.06666666666666667 0.07161125319693094
3 0.45458333333333334 0.24168797953964194 0.034166666666666665 0.04603580562659847
3 0.51375 0.2781329923273657 0.04416666666666667 0.06010230179028133
3 0.6983333333333334 0.38235294117647056 0.08 0.09207161125319693
3 0.04 0.2813299232736573 0.07 0.05370843989769821
3 0.5279166666666667 0.16751918158567775 0.030833333333333334 0.03324808184143223
3 0.48625 0.23209718670076726 0.024166666666666666 0.0370843989769821
3 0.8466666666666667 0.2551150895140665 0.03333333333333333 0.054987212276214836