3 0.16411290322580646 0.28796561604584525 0.050806451612903224 0.07449856733524356
3 0.9415322580645161 0.22277936962750716 0.05403225806451613 0.06446991404011461
3 0.8830645161290323 0.1984240687679083 0.041935483870967745 0.0673352435530086
3 0.07862903225806452 0.23137535816618912 0.055645161290322584 0.08452722063037249
3 0.7612903225806451 0.2148997134670487 0.043548387096774194 0.06876790830945559
3 0.34596774193548385 0.27363896848137537 0.06290322580645161 0.07736389684813753
3 0.44314516129032255 0.4828080229226361 0.07016129032258064 0.07736389684813753
3 0.40241935483870966 0.24355300859598855 0.05 0.06876790830945559
3 0.29596774193548386 0.18911174785100288 0.035483870967741936 0.054441260744985676
3 0.5645161290322581 0.24068767908309455 0.05161290322580645 0.07449856733524356
3 0.6133064516129032 0.27650429799426934 0.03790322580645161 0.06017191977077364
3 0.7108870967741936 0.33882521489971346 0.05887096774193548 0.07879656160458452
3 0.47419354838709676 0.23710601719197708 0.035483870967741936 0.05300859598853868
3 0.6556451612903226 0.3137535816618911 0.037096774193548385 0.0659025787965616
3 0.5225806451612903 0.2335243553008596 0.037096774193548385 0.06303724928366762
3 0.36370967741935484 0.18839541547277938 0.03225806451612903 0.05873925501432665