5 0.8795463709677419 0.17244932432432433 0.2284475806451613 0.21736486486486487
5 0.11543346774193548 0.4930743243243243 0.20474798387096776 0.2927364864864865
5 0.3768548387096774 0.4953885135135135 0.20592741935483871 0.28471283783783785
5 0.8745060483870968 0.49729729729729727 0.20828629032258064 0.25048986486486485
5 0.6280745967741935 0.5032094594594594 0.21945564516129032 0.25216216216216214
5 0.12487903225806452 0.8282601351351351 0.21608870967741936 0.2747635135135135
5 0.36841733870967747 0.8316385135135135 0.2167641129032258 0.24773648648648647
5 0.8848387096774194 0.8326858108108108 0.21383064516129033 0.26251689189189187
5 0.6253024193548387 0.8377533783783784 0.2189516129032258 0.2557601351351351
5 0.36929435483870965 0.15576013513513512 0.22104838709677418 0.2710135135135135
5 0.6113205645161289 0.16124999999999998 0.18846774193548388 0.26677364864864866
5 0.1280342741935484 0.16673986486486486 0.22994959677419355 0.21861486486486484