3 0.033125 0.24548736462093862 0.05125 0.05415162454873646
3 0.306875 0.23736462093862815 0.04875 0.05956678700361011
3 0.5675 0.3212996389891697 0.0475 0.05054151624548736
3 0.755 0.24097472924187727 0.0425 0.052346570397111915
3 0.241875 0.2319494584837545 0.03375 0.04151624548736462
3 0.905625 0.2770758122743682 0.04375 0.048736462093862815
3 0.830625 0.3303249097472924 0.04875 0.06498194945848375
3 0.468125 0.2842960288808664 0.03625 0.03429602888086643
3 0.614375 0.22382671480144403 0.04375 0.05776173285198556
3 0.39625 0.2815884476534296 0.0425 0.039711191335740074
3 0.715625 0.23826714801444043 0.02625 0.036101083032490974
3 0.09 0.2842960288808664 0.035 0.03790613718411552