5 0.25859375 0.8026315789473685 0.0953125 0.18421052631578946
5 0.18984375 0.45394736842105265 0.05625 0.11315789473684211
5 0.60234375 0.5157894736842106 0.0671875 0.1368421052631579
5 0.746875 0.23421052631578948 0.04375 0.07105263157894737
6 0.2015625 0.4776315789473684 0.0375 0.07631578947368421
4 0.4078125 0.9131578947368421 0.0546875 0.12368421052631579
4 0.540625 0.5973684210526315 0.046875 0.10526315789473684
4 0.58203125 0.6092105263157894 0.0578125 0.07105263157894737
6 0.590625 0.5539473684210526 0.059375 0.07631578947368421
6 0.73828125 0.25 0.0296875 0.04736842105263158
4 0.8125 0.4513157894736842 0.028125 0.05263157894736842