1 0.3015625 0.21578947368421053 0.046875 0.08157894736842106
1 0.6046875 0.5355263157894737 0.075 0.13157894736842105
5 0.62734375 0.2355263157894737 0.0390625 0.06315789473684211
5 0.79140625 0.3118421052631579 0.034375 0.07894736842105263
4 0.5515625 0.6171052631578947 0.0609375 0.07894736842105263
6 0.32109375 0.2355263157894737 0.0265625 0.06842105263157895
6 0.7796875 0.3223684210526316 0.0296875 0.05789473684210526
6 0.5828125 0.5671052631578948 0.0375 0.08157894736842106
4 0.74765625 0.3736842105263158 0.0234375 0.04736842105263158
4 0.73046875 0.43157894736842106 0.0265625 0.031578947368421054
4 0.6703125 0.3447368421052632 0.0265625 0.03684210526315789