5 0.4359375 0.14736842105263157 0.034375 0.06315789473684211
5 0.59921875 0.5197368421052632 0.065625 0.14473684210526316
5 0.79921875 0.3171052631578947 0.040625 0.07894736842105263
5 0.25703125 0.775 0.0921875 0.18157894736842106
6 0.4390625 0.15657894736842104 0.0265625 0.05
4 0.39453125 0.23157894736842105 0.0328125 0.05789473684210526
4 0.48984375 0.21447368421052632 0.0265625 0.04473684210526316
6 0.5890625 0.5578947368421052 0.046875 0.07105263157894737
4 0.553125 0.5973684210526315 0.04375 0.08421052631578947
6 0.79453125 0.32763157894736844 0.0328125 0.05526315789473684
4 0.409375 0.8671052631578947 0.05 0.09736842105263158
4 0.740625 0.4381578947368421 0.034375 0.06315789473684211