5 0.23515625 0.7578947368421053 0.0984375 0.15263157894736842
5 0.18359375 0.45263157894736844 0.05625 0.10263157894736842
5 0.60390625 0.5092105263157894 0.0640625 0.1394736842105263
5 0.74453125 0.24342105263157895 0.0375 0.07368421052631578
5 0.771875 0.21052631578947367 0.0390625 0.06842105263157895
6 0.1984375 0.48026315789473684 0.0375 0.05789473684210526
4 0.22734375 0.5276315789473685 0.0375 0.08947368421052632
4 0.41171875 0.9210526315789473 0.059375 0.09736842105263158
6 0.5953125 0.5447368421052632 0.0578125 0.08157894736842106
4 0.54609375 0.6078947368421053 0.0453125 0.06578947368421052
4 0.5859375 0.5973684210526315 0.0421875 0.04736842105263158
6 0.7765625 0.23157894736842105 0.03125 0.05263157894736842