5 0.396875 0.16447368421052633 0.034375 0.07894736842105263
5 0.584375 0.23421052631578948 0.0515625 0.12105263157894737
5 0.86015625 0.3118421052631579 0.0421875 0.10789473684210527
6 0.4015625 0.17894736842105263 0.034375 0.04736842105263158
4 0.4046875 0.30657894736842106 0.0359375 0.04473684210526316
4 0.42734375 0.2986842105263158 0.0234375 0.034210526315789476
4 0.63671875 0.5223684210526316 0.0328125 0.07105263157894737
6 0.571875 0.25263157894736843 0.0296875 0.06315789473684211
6 0.85625 0.33421052631578946 0.0296875 0.06315789473684211
4 0.778125 0.6013157894736842 0.0296875 0.06578947368421052
4 0.86953125 0.618421052631579 0.0359375 0.07368421052631578