1 0.371875 0.19605263157894737 0.03125 0.06315789473684211
1 0.3578125 0.3368421052631579 0.046875 0.08947368421052632
1 0.434375 0.3631578947368421 0.053125 0.11315789473684211
1 0.62265625 0.5276315789473685 0.0734375 0.14210526315789473
6 0.603125 0.5605263157894737 0.0390625 0.05526315789473684
4 0.51484375 0.5947368421052631 0.0578125 0.06315789473684211
4 0.58828125 0.5894736842105263 0.04375 0.07894736842105263
6 0.43203125 0.3894736842105263 0.04375 0.06578947368421052
6 0.36328125 0.3763157894736842 0.0390625 0.05526315789473684
6 0.37109375 0.22236842105263158 0.0328125 0.034210526315789476
4 0.3734375 0.2236842105263158 0.021875 0.042105263157894736