1 0.30546875 0.26052631578947366 0.040625 0.1
1 0.46875 0.2131578947368421 0.05 0.10526315789473684
1 0.90390625 0.28157894736842104 0.03125 0.07894736842105263
5 0.75703125 0.29210526315789476 0.03125 0.06842105263157895
6 0.903125 0.29605263157894735 0.028125 0.06578947368421052
6 0.46484375 0.24078947368421053 0.0390625 0.06578947368421052
6 0.3078125 0.29210526315789476 0.0484375 0.05263157894736842
6 0.75546875 0.3105263157894737 0.0296875 0.034210526315789476
4 0.87421875 0.4842105263157895 0.0421875 0.07631578947368421
4 0.73515625 0.3526315789473684 0.0328125 0.042105263157894736
4 0.33984375 0.4881578947368421 0.0359375 0.05