1 0.2609375 0.21578947368421053 0.0390625 0.0868421052631579
1 0.46796875 0.1736842105263158 0.040625 0.08421052631578947
1 0.50234375 0.14605263157894738 0.03125 0.06315789473684211
5 0.75625 0.29078947368421054 0.0359375 0.06842105263157895
6 0.75078125 0.3105263157894737 0.0296875 0.05789473684210526
6 0.5015625 0.15263157894736842 0.03125 0.05263157894736842
6 0.2640625 0.22631578947368422 0.028125 0.05263157894736842
4 0.440625 0.26710526315789473 0.0375 0.05789473684210526
6 0.04921875 0.8092105263157895 0.003125 0.002631578947368421
4 0.27421875 0.425 0.0515625 0.07631578947368421
4 0.734375 0.3539473684210526 0.028125 0.039473684210526314