1 0.315625 0.1631578947368421 0.0375 0.06315789473684211
1 0.3421875 0.21842105263157896 0.046875 0.08947368421052632
1 0.9125 0.2776315789473684 0.0265625 0.060526315789473685
5 0.765625 0.31842105263157894 0.0390625 0.07894736842105263
6 0.35234375 0.23684210526315788 0.0328125 0.05789473684210526
4 0.2953125 0.2736842105263158 0.028125 0.031578947368421054
6 0.3125 0.18552631578947368 0.025 0.039473684210526314
6 0.76015625 0.33289473684210524 0.0328125 0.04473684210526316
4 0.73515625 0.4144736842105263 0.0234375 0.03684210526315789
6 0.91328125 0.29078947368421054 0.0203125 0.039473684210526314
6 0.89453125 0.3763157894736842 0.01875 0.039473684210526314
6 0.89296875 0.3473684210526316 0.0203125 0.03684210526315789