1 0.36953125 0.19605263157894737 0.034375 0.04473684210526316
1 0.36015625 0.3381578947368421 0.046875 0.08421052631578947
1 0.44453125 0.3539473684210526 0.04375 0.09473684210526316
1 0.61328125 0.5210526315789473 0.075 0.1368421052631579
6 0.37109375 0.21710526315789475 0.0296875 0.02631578947368421
4 0.37421875 0.22894736842105262 0.0203125 0.031578947368421054
6 0.36484375 0.37763157894736843 0.0296875 0.05
6 0.43828125 0.40131578947368424 0.0296875 0.05263157894736842
4 0.51328125 0.6092105263157894 0.04375 0.05789473684210526
6 0.5984375 0.5723684210526315 0.040625 0.060526315789473685
4 0.5890625 0.593421052631579 0.028125 0.05526315789473684