1 0.33984375 0.19265789473684208 0.0484375 0.06428947368421052
1 0.90021875 0.31542105263157894 0.047328125 0.08344736842105263
1 0.9015625 0.452078947368421 0.071875 0.1383421052631579
5 0.7557968749999999 0.2813947368421053 0.038171875 0.04963157894736842
6 0.35178125 0.22010526315789475 0.033265625 0.051868421052631584
6 0.7515625 0.30394736842105263 0.0296875 0.05526315789473684
6 0.89453125 0.3355263157894737 0.0296875 0.06315789473684211
6 0.88359375 0.4618421052631579 0.040625 0.11052631578947368
4 0.3765625 0.34210526315789475 0.0359375 0.06842105263157895
4 0.73515625 0.3539473684210526 0.0328125 0.042105263157894736
4 0.82734375 0.5697368421052632 0.0390625 0.06578947368421052