5 0.303125 0.20394736842105263 0.0625 0.09210526315789473
5 0.58515625 0.3144736842105263 0.078125 0.1631578947368421
5 0.77109375 0.19210526315789472 0.0484375 0.08157894736842106
5 0.48828125 0.5881578947368421 0.15 0.3
6 0.31796875 0.22236842105263158 0.0453125 0.08157894736842106
4 0.32890625 0.37105263157894736 0.059375 0.06315789473684211
6 0.571875 0.34868421052631576 0.0625 0.12368421052631579
6 0.51171875 0.6421052631578947 0.10625 0.17105263157894737
4 0.6 0.8013157894736842 0.0625 0.10526315789473684
6 0.765625 0.19210526315789472 0.04375 0.07894736842105263
4 0.73203125 0.3171052631578947 0.053125 0.05789473684210526