5 0.196875 0.4644736842105263 0.05 0.12105263157894737
5 0.60859375 0.5184210526315789 0.075 0.14210526315789473
5 0.76953125 0.25526315789473686 0.0390625 0.07894736842105263
5 0.80546875 0.22763157894736843 0.034375 0.09210526315789473
5 0.2671875 0.7552631578947369 0.0953125 0.15789473684210525
6 0.2078125 0.5013157894736842 0.046875 0.07631578947368421
4 0.32890625 0.7644736842105263 0.0484375 0.12368421052631579
4 0.54453125 0.6013157894736842 0.0421875 0.060526315789473685
4 0.5875 0.6 0.0484375 0.07368421052631578
6 0.8015625 0.24210526315789474 0.0265625 0.08421052631578947
6 0.596875 0.5605263157894737 0.0390625 0.07368421052631578