1 0.24765625 0.75 0.090625 0.18947368421052632
1 0.5875 0.5302631578947369 0.08125 0.13421052631578947
5 0.625 0.2381578947368421 0.0453125 0.07368421052631578
5 0.78828125 0.30657894736842106 0.0390625 0.0868421052631579
4 0.42109375 0.906578947368421 0.0703125 0.11578947368421053
4 0.54296875 0.6131578947368421 0.05 0.0868421052631579
4 0.671875 0.35 0.028125 0.03684210526315789
4 0.73359375 0.4263157894736842 0.028125 0.04473684210526316
6 0.64140625 0.24736842105263157 0.0171875 0.04736842105263158
6 0.77890625 0.3118421052631579 0.028125 0.05263157894736842
6 0.565625 0.5684210526315789 0.0328125 0.06842105263157895