1 0.2875 0.22105263157894736 0.0484375 0.09473684210526316
1 0.7515625 0.48157894736842105 0.10625 0.2
1 0.91171875 0.2855263157894737 0.025 0.08421052631578947
5 0.76171875 0.2986842105263158 0.0390625 0.07631578947368421
6 0.303125 0.24210526315789474 0.0359375 0.06842105263157895
4 0.33359375 0.37894736842105264 0.0484375 0.07894736842105263
4 0.6703125 0.7947368421052632 0.06875 0.11842105263157894
6 0.72578125 0.5592105263157895 0.0890625 0.13421052631578947
6 0.76015625 0.3078947368421053 0.040625 0.06842105263157895
6 0.91171875 0.3078947368421053 0.0265625 0.06578947368421052
4 0.73203125 0.3526315789473684 0.0359375 0.03684210526315789