5 0.1921875 0.4605263157894737 0.053125 0.11052631578947368
5 0.7578125 0.20526315789473684 0.04375 0.0868421052631579
5 0.6171875 0.5052631578947369 0.0796875 0.1368421052631579
5 0.80234375 0.45789473684210524 0.0859375 0.1736842105263158
6 0.2 0.48157894736842105 0.0375 0.08421052631578947
6 0.5984375 0.5486842105263158 0.0578125 0.05263157894736842
6 0.78125 0.5105263157894737 0.046875 0.09473684210526316
6 0.75625 0.21710526315789475 0.0421875 0.05
4 0.58515625 0.6078947368421053 0.0515625 0.06842105263157895
4 0.5453125 0.6013157894736842 0.0484375 0.06578947368421052
4 0.73984375 0.9039473684210526 0.0625 0.06578947368421052
4 0.73359375 0.31842105263157894 0.0328125 0.05263157894736842