1 0.1796875 0.3013157894736842 0.046875 0.1
1 0.584375 0.5236842105263158 0.08125 0.12894736842105264
5 0.6265625 0.23684210526315788 0.0421875 0.07368421052631578
5 0.79140625 0.30526315789473685 0.0390625 0.06578947368421052
6 0.78828125 0.31973684210526315 0.034375 0.05263157894736842
6 0.64453125 0.2513157894736842 0.0265625 0.034210526315789476
4 0.65234375 0.3263157894736842 0.021875 0.042105263157894736
4 0.73671875 0.35657894736842105 0.040625 0.04473684210526316
6 0.1859375 0.3236842105263158 0.04375 0.05
6 0.5703125 0.5815789473684211 0.0421875 0.05
4 0.54375 0.6118421052631579 0.0625 0.07368421052631578