5 0.184375 0.45394736842105265 0.0609375 0.11315789473684211
5 0.2375 0.7552631578947369 0.09375 0.15263157894736842
5 0.603125 0.5092105263157894 0.0625 0.1394736842105263
5 0.740625 0.24210526315789474 0.04375 0.07368421052631578
5 0.77421875 0.21578947368421053 0.0359375 0.08421052631578947
6 0.27265625 0.7763157894736842 0.0515625 0.11052631578947368
6 0.58828125 0.5407894736842105 0.04375 0.07368421052631578
6 0.196875 0.46842105263157896 0.0375 0.09210526315789473
6 0.7703125 0.21973684210526315 0.025 0.0868421052631579
6 0.7375 0.24868421052631579 0.025 0.07105263157894737
4 0.41484375 0.9052631578947369 0.0515625 0.12631578947368421
4 0.54453125 0.6039473684210527 0.0453125 0.060526315789473685
4 0.58125 0.593421052631579 0.0375 0.04473684210526316