5 0.80703125 0.23026315789473684 0.0390625 0.07894736842105263
5 0.77109375 0.25263157894736843 0.040625 0.08421052631578947
5 0.6078125 0.5171052631578947 0.0734375 0.14210526315789473
5 0.271875 0.743421052631579 0.103125 0.17105263157894737
5 0.2 0.45789473684210524 0.053125 0.12105263157894737
6 0.2109375 0.4842105263157895 0.0390625 0.08947368421052632
4 0.33984375 0.7855263157894737 0.059375 0.13157894736842105
4 0.27890625 0.593421052631579 0.0453125 0.05
4 0.5484375 0.6039473684210527 0.0515625 0.07105263157894737
4 0.59140625 0.6197368421052631 0.046875 0.06578947368421052
6 0.8046875 0.24473684210526317 0.0359375 0.06842105263157895
6 0.759375 0.2736842105263158 0.025 0.06578947368421052
6 0.59296875 0.5578947368421052 0.05 0.07368421052631578