1 0.2484375 0.2355263157894737 0.0484375 0.11052631578947368
1 0.90703125 0.3144736842105263 0.03125 0.08947368421052632
1 0.909375 0.531578947368421 0.0921875 0.20789473684210527
5 0.75625 0.29736842105263156 0.0359375 0.08157894736842106
6 0.2515625 0.25526315789473686 0.04375 0.0868421052631579
4 0.29765625 0.3815789473684211 0.0296875 0.05789473684210526
4 0.275 0.4039473684210526 0.0421875 0.06578947368421052
4 0.73515625 0.3526315789473684 0.028125 0.05263157894736842
6 0.74765625 0.3 0.0265625 0.04736842105263158
6 0.90703125 0.32763157894736844 0.028125 0.07105263157894737
6 0.8828125 0.5828947368421052 0.04375 0.11842105263157894