5 0.3875 0.15657894736842104 0.03125 0.06578947368421052
5 0.60625 0.5526315789473685 0.0625 0.13157894736842105
5 0.803125 0.31973684210526315 0.0421875 0.06842105263157895
5 0.26015625 0.7855263157894737 0.084375 0.15526315789473685
4 0.32109375 0.7723684210526316 0.0609375 0.10789473684210527
4 0.540625 0.618421052631579 0.059375 0.07368421052631578
6 0.59921875 0.5855263157894737 0.0515625 0.06842105263157895
6 0.7984375 0.33157894736842103 0.034375 0.05
4 0.76640625 0.4407894736842105 0.0328125 0.039473684210526314
4 0.43984375 0.13815789473684212 0.0296875 0.04473684210526316
4 0.3625 0.3157894736842105 0.021875 0.042105263157894736
6 0.390625 0.16842105263157894 0.0265625 0.039473684210526314