5 0.8796875 0.2578947368421053 0.034375 0.06578947368421052
5 0.75859375 0.20394736842105263 0.04375 0.07894736842105263
5 0.61015625 0.5157894736842106 0.065625 0.1394736842105263
5 0.18671875 0.4605263157894737 0.059375 0.11052631578947368
6 0.2015625 0.48026315789473684 0.040625 0.08157894736842106
6 0.596875 0.5513157894736842 0.046875 0.08421052631578947
4 0.54296875 0.6052631578947368 0.04375 0.06842105263157895
4 0.58125 0.5921052631578947 0.05625 0.09473684210526316
6 0.75703125 0.225 0.0328125 0.060526315789473685
4 0.728125 0.3144736842105263 0.034375 0.05526315789473684
6 0.875 0.26842105263157895 0.0234375 0.04736842105263158
4 0.86640625 0.40657894736842104 0.0234375 0.05526315789473684