1 0.25078125 0.7934210526315789 0.0953125 0.1868421052631579
1 0.64140625 0.24473684210526317 0.0578125 0.08421052631578947
1 0.31015625 0.21052631578947367 0.0484375 0.06315789473684211
5 0.7515625 0.2986842105263158 0.0421875 0.06842105263157895
6 0.62421875 0.29736842105263156 0.0390625 0.06315789473684211
4 0.6546875 0.3144736842105263 0.04375 0.07894736842105263
4 0.5921875 0.34210526315789475 0.0375 0.06315789473684211
4 0.31171875 0.2644736842105263 0.0203125 0.04736842105263158
4 0.27890625 0.2657894736842105 0.0296875 0.06315789473684211
4 0.3203125 0.8157894736842105 0.053125 0.09736842105263158
4 0.73046875 0.30657894736842106 0.0234375 0.05526315789473684
6 0.30234375 0.25921052631578945 0.040625 0.060526315789473685
6 0.7453125 0.3144736842105263 0.028125 0.05263157894736842