1 0.353125 0.20921052631578949 0.0390625 0.05526315789473684
1 0.340625 0.30394736842105263 0.053125 0.06315789473684211
1 0.44375 0.3447368421052632 0.04375 0.07105263157894737
1 0.6328125 0.5171052631578947 0.065625 0.11315789473684211
6 0.6140625 0.5657894736842105 0.053125 0.06842105263157895
4 0.51171875 0.6039473684210527 0.0515625 0.060526315789473685
4 0.5625 0.6486842105263158 0.040625 0.05526315789473684
6 0.3421875 0.35 0.0359375 0.05526315789473684
6 0.43671875 0.3736842105263158 0.0421875 0.04473684210526316
4 0.42109375 0.39342105263157895 0.0328125 0.039473684210526314
6 0.353125 0.22631578947368422 0.0265625 0.031578947368421054