1 0.371875 0.19210526315789472 0.0375 0.042105263157894736
1 0.36953125 0.3513157894736842 0.0453125 0.10526315789473684
1 0.44140625 0.36973684210526314 0.059375 0.10263157894736842
1 0.6359375 0.5 0.0734375 0.11842105263157894
6 0.61875 0.5578947368421052 0.05 0.05789473684210526
6 0.3671875 0.3907894736842105 0.0390625 0.04473684210526316
6 0.43203125 0.3960526315789474 0.0328125 0.05
6 0.36875 0.21842105263157896 0.0203125 0.04736842105263158
4 0.5203125 0.5921052631578947 0.059375 0.06578947368421052
4 0.5484375 0.6434210526315789 0.0578125 0.060526315789473685
4 0.3703125 0.22763157894736843 0.021875 0.02894736842105263