1 0.58671875 0.5381578947368421 0.0703125 0.12894736842105264
1 0.84140625 0.42236842105263156 0.0640625 0.15526315789473685
5 0.63125 0.24342105263157895 0.0390625 0.07368421052631578
5 0.79140625 0.30526315789473685 0.0328125 0.07631578947368421
4 0.546875 0.6157894736842106 0.075 0.09473684210526316
6 0.57421875 0.5736842105263158 0.0765625 0.09210526315789473
6 0.63984375 0.25526315789473686 0.021875 0.04736842105263158
4 0.6484375 0.2855263157894737 0.0296875 0.04736842105263158
4 0.66953125 0.3460526315789474 0.028125 0.05526315789473684
6 0.78359375 0.3171052631578947 0.034375 0.04473684210526316
4 0.715625 0.7828947368421053 0.0484375 0.08421052631578947
4 0.7375 0.425 0.0328125 0.05