5 0.16484375 0.4710526315789474 0.059375 0.10263157894736842
5 0.45 0.20921052631578949 0.04375 0.09736842105263158
5 0.6203125 0.5486842105263158 0.0671875 0.12631578947368421
4 0.21796875 0.5013157894736842 0.046875 0.11052631578947368
4 0.5390625 0.6105263157894737 0.0421875 0.1
4 0.571875 0.6 0.0390625 0.12105263157894737
6 0.453125 0.2394736842105263 0.04375 0.060526315789473685
6 0.1859375 0.4842105263157895 0.0296875 0.06578947368421052
4 0.4859375 0.38026315789473686 0.0328125 0.06842105263157895
4 0.4640625 0.25921052631578945 0.0375 0.06578947368421052
6 0.6015625 0.5828947368421052 0.0359375 0.11052631578947368