5 0.43828125 0.14736842105263157 0.0328125 0.07368421052631578
5 0.6078125 0.5197368421052632 0.0703125 0.1394736842105263
5 0.79921875 0.3131578947368421 0.0375 0.07368421052631578
5 0.2796875 0.7605263157894737 0.0921875 0.1763157894736842
6 0.59375 0.5565789473684211 0.046875 0.07105263157894737
4 0.553125 0.618421052631579 0.053125 0.06315789473684211
4 0.546875 0.5973684210526315 0.0515625 0.060526315789473685
6 0.44140625 0.16447368421052633 0.021875 0.04736842105263158
4 0.45234375 0.23289473684210527 0.0359375 0.039473684210526314
6 0.79140625 0.31973684210526315 0.03125 0.05263157894736842
4 0.74609375 0.44473684210526315 0.0421875 0.05789473684210526