5 0.18984375 0.45263157894736844 0.05625 0.10526315789473684
5 0.2421875 0.7473684210526316 0.090625 0.1368421052631579
5 0.6 0.5131578947368421 0.065625 0.14736842105263157
5 0.775 0.2644736842105263 0.0359375 0.07894736842105263
5 0.7953125 0.2131578947368421 0.0359375 0.08157894736842106
6 0.196875 0.48289473684210527 0.0390625 0.05789473684210526
4 0.22421875 0.525 0.034375 0.06578947368421052
6 0.278125 0.7828947368421053 0.0484375 0.11315789473684211
4 0.41875 0.9157894736842105 0.059375 0.11578947368421053
6 0.59609375 0.5592105263157895 0.0515625 0.06315789473684211
4 0.54609375 0.6039473684210527 0.0453125 0.08421052631578947
4 0.590625 0.593421052631579 0.04375 0.08421052631578947
6 0.79609375 0.23157894736842105 0.0390625 0.05263157894736842