1 0.2875 0.18421052631578946 0.03125 0.07368421052631578
1 0.49453125 0.14210526315789473 0.0265625 0.05
1 0.82109375 0.29210526315789476 0.05625 0.11052631578947368
5 0.75625 0.2723684210526316 0.034375 0.02894736842105263
6 0.28671875 0.20394736842105263 0.028125 0.039473684210526314
4 0.29453125 0.2657894736842105 0.0234375 0.04473684210526316
4 0.28046875 0.2631578947368421 0.0203125 0.05263157894736842
4 0.76640625 0.41842105263157897 0.03125 0.06578947368421052
4 0.7640625 0.37894736842105264 0.0296875 0.034210526315789476
6 0.80078125 0.30657894736842106 0.03125 0.06578947368421052
6 0.7515625 0.30526315789473685 0.028125 0.05
4 0.73671875 0.3526315789473684 0.03125 0.034210526315789476