1 0.371875 0.19078947368421054 0.0296875 0.05
1 0.3625 0.3394736842105263 0.0484375 0.1
1 0.4484375 0.36973684210526314 0.053125 0.10263157894736842
1 0.6640625 0.5157894736842106 0.071875 0.1368421052631579
6 0.65234375 0.5671052631578948 0.0515625 0.06315789473684211
4 0.596875 0.6039473684210527 0.040625 0.05263157894736842
4 0.6421875 0.6052631578947368 0.040625 0.06842105263157895
6 0.44609375 0.3960526315789474 0.0453125 0.05526315789473684
6 0.3640625 0.36578947368421055 0.0390625 0.05
6 0.36015625 0.21447368421052632 0.0203125 0.03684210526315789
4 0.37578125 0.2236842105263158 0.0203125 0.05