1 0.278125 0.21710526315789475 0.0421875 0.09210526315789473
1 0.84609375 0.28289473684210525 0.04375 0.09210526315789473
1 0.840625 0.45263157894736844 0.0796875 0.1736842105263158
5 0.75625 0.29736842105263156 0.0359375 0.07631578947368421
6 0.27421875 0.24342105263157895 0.046875 0.05
6 0.8390625 0.5184210526315789 0.05625 0.08157894736842106
6 0.746875 0.29736842105263156 0.034375 0.05263157894736842
4 0.734375 0.35 0.034375 0.031578947368421054
4 0.2984375 0.3355263157894737 0.0421875 0.03684210526315789
4 0.26796875 0.3526315789473684 0.0421875 0.04473684210526316
4 0.7828125 0.6855263157894737 0.05625 0.05789473684210526