1 0.346875 0.11447368421052631 0.0375 0.02894736842105263
5 0.3609375 0.37894736842105264 0.046875 0.11052631578947368
5 0.4296875 0.40789473684210525 0.0515625 0.12368421052631579
5 0.62421875 0.506578947368421 0.0734375 0.13421052631578947
6 0.36875 0.4039473684210526 0.0421875 0.07105263157894737
4 0.37109375 0.4381578947368421 0.0328125 0.07368421052631578
6 0.43359375 0.41973684210526313 0.046875 0.07894736842105263
6 0.6140625 0.5526315789473685 0.046875 0.07631578947368421
4 0.51796875 0.5947368421052631 0.0625 0.06842105263157895
4 0.5453125 0.6434210526315789 0.0625 0.060526315789473685
4 0.340625 0.23026315789473684 0.0234375 0.02631578947368421
4 0.321875 0.21578947368421053 0.0171875 0.034210526315789476