5 0.17109375 0.45263157894736844 0.0484375 0.10526315789473684
5 0.60546875 0.5236842105263158 0.0640625 0.14210526315789473
5 0.76484375 0.25921052631578945 0.040625 0.07368421052631578
5 0.80703125 0.23026315789473684 0.040625 0.07894736842105263
5 0.26015625 0.8342105263157895 0.09375 0.1763157894736842
6 0.17421875 0.4763157894736842 0.0484375 0.06842105263157895
4 0.2578125 0.5657894736842105 0.0421875 0.06842105263157895
6 0.590625 0.5539473684210526 0.040625 0.060526315789473685
4 0.54609375 0.6065789473684211 0.0484375 0.06842105263157895
4 0.59609375 0.5986842105263158 0.0578125 0.07368421052631578
6 0.803125 0.24342105263157895 0.04375 0.060526315789473685