1 0.13046875 0.3131578947368421 0.0484375 0.10526315789473684
1 0.5875 0.525 0.075 0.13157894736842105
5 0.6265625 0.2381578947368421 0.0375 0.06842105263157895
5 0.79296875 0.3157894736842105 0.0359375 0.08421052631578947
6 0.78515625 0.32763157894736844 0.0265625 0.04473684210526316
4 0.734375 0.35789473684210527 0.034375 0.039473684210526314
4 0.65234375 0.33157894736842103 0.0296875 0.05789473684210526
4 0.54375 0.6052631578947368 0.05625 0.07368421052631578
6 0.1421875 0.34078947368421053 0.040625 0.060526315789473685
6 0.63984375 0.25394736842105264 0.0203125 0.039473684210526314
6 0.559375 0.575 0.0484375 0.060526315789473685