5 0.38671875 0.1631578947368421 0.03125 0.06315789473684211
5 0.6109375 0.55 0.078125 0.13157894736842105
5 0.79921875 0.3105263157894737 0.040625 0.07368421052631578
5 0.26640625 0.8039473684210526 0.090625 0.14473684210526316
6 0.38828125 0.1631578947368421 0.0234375 0.042105263157894736
6 0.79296875 0.31973684210526315 0.028125 0.060526315789473685
6 0.5859375 0.5710526315789474 0.0390625 0.06842105263157895
4 0.33984375 0.8131578947368421 0.0671875 0.09736842105263158
4 0.5421875 0.6289473684210526 0.05625 0.07894736842105263
4 0.61015625 0.6171052631578947 0.0640625 0.08157894736842106
4 0.43828125 0.14605263157894738 0.0296875 0.05
4 0.76484375 0.44342105263157894 0.0390625 0.07894736842105263