1 0.38984375 0.1986842105263158 0.0421875 0.08421052631578947
1 0.8921875 0.40789473684210525 0.0734375 0.1368421052631579
1 0.87265625 0.3105263157894737 0.0484375 0.09736842105263158
5 0.75546875 0.29605263157894735 0.0359375 0.07894736842105263
6 0.3953125 0.21710526315789475 0.0390625 0.05789473684210526
4 0.4359375 0.4473684210526316 0.03125 0.06315789473684211
4 0.4515625 0.42236842105263156 0.040625 0.08947368421052632
4 0.73125 0.3513157894736842 0.03125 0.05
6 0.75078125 0.30526315789473685 0.028125 0.06315789473684211
6 0.871875 0.43157894736842106 0.04375 0.08947368421052632
4 0.796875 0.5539473684210526 0.040625 0.07105263157894737
6 0.85859375 0.3236842105263158 0.0390625 0.07368421052631578