1 0.37578125 0.24473684210526317 0.046875 0.11052631578947368
1 0.5546875 0.22894736842105262 0.05625 0.11052631578947368
1 0.8921875 0.28157894736842104 0.034375 0.08421052631578947
5 0.7578125 0.29210526315789476 0.034375 0.07631578947368421
6 0.8921875 0.29736842105263156 0.0375 0.05
6 0.37265625 0.2710526315789474 0.0421875 0.05526315789473684
6 0.5375 0.23684210526315788 0.046875 0.08421052631578947
6 0.75078125 0.29736842105263156 0.0296875 0.06842105263157895
4 0.8609375 0.49473684210526314 0.0375 0.07368421052631578
4 0.72890625 0.3526315789473684 0.0390625 0.042105263157894736
4 0.36484375 0.475 0.0640625 0.039473684210526314