1 0.35078125 0.19736842105263158 0.0375 0.04736842105263158
1 0.33828125 0.3013157894736842 0.05 0.07105263157894737
1 0.4421875 0.32894736842105265 0.046875 0.06842105263157895
1 0.62421875 0.5342105263157895 0.0734375 0.11052631578947368
6 0.35546875 0.225 0.0390625 0.039473684210526314
6 0.3453125 0.3526315789473684 0.04375 0.05263157894736842
6 0.4390625 0.36447368421052634 0.040625 0.060526315789473685
6 0.60703125 0.5842105263157895 0.0453125 0.05263157894736842
4 0.56171875 0.65 0.0421875 0.04736842105263158
4 0.38046875 0.45921052631578946 0.0265625 0.042105263157894736
4 0.5265625 0.5776315789473684 0.03125 0.06315789473684211