5 0.90703125 0.2855263157894737 0.028125 0.06578947368421052
5 0.80703125 0.21973684210526315 0.0375 0.08421052631578947
5 0.76796875 0.2631578947368421 0.0359375 0.07894736842105263
5 0.61171875 0.5184210526315789 0.0671875 0.1368421052631579
5 0.18125 0.4473684210526316 0.059375 0.11578947368421053
6 0.19140625 0.4776315789473684 0.040625 0.060526315789473685
6 0.59375 0.5631578947368421 0.04375 0.05789473684210526
4 0.54765625 0.6026315789473684 0.0484375 0.07105263157894737
4 0.59296875 0.6026315789473684 0.0578125 0.0868421052631579
4 0.2625 0.5947368421052631 0.04375 0.05263157894736842
6 0.8046875 0.24210526315789474 0.0390625 0.05263157894736842
4 0.79765625 0.42105263157894735 0.0390625 0.05263157894736842