5 0.19375 0.45789473684210524 0.053125 0.11842105263157894
5 0.2265625 0.7907894736842105 0.1046875 0.14736842105263157
5 0.60703125 0.5157894736842106 0.0671875 0.1368421052631579
5 0.76640625 0.2565789473684211 0.0390625 0.06315789473684211
5 0.7921875 0.21710526315789475 0.034375 0.08421052631578947
4 0.22265625 0.5289473684210526 0.0359375 0.0868421052631579
6 0.196875 0.48289473684210527 0.046875 0.08157894736842106
4 0.39921875 0.8894736842105263 0.0609375 0.10526315789473684
4 0.5421875 0.6039473684210527 0.0453125 0.06578947368421052
4 0.59375 0.6052631578947368 0.059375 0.06842105263157895
6 0.59609375 0.5565789473684211 0.0484375 0.07631578947368421
6 0.79140625 0.2355263157894737 0.0265625 0.05789473684210526