5 0.384375 0.14342105263157895 0.028125 0.039473684210526314
5 0.60703125 0.5486842105263158 0.0671875 0.12105263157894737
5 0.8234375 0.30657894736842106 0.05 0.05526315789473684
5 0.26171875 0.7710526315789473 0.08125 0.15526315789473685
4 0.415625 0.8644736842105263 0.059375 0.10263157894736842
4 0.5390625 0.6223684210526316 0.046875 0.07631578947368421
4 0.44140625 0.1394736842105263 0.025 0.05263157894736842
4 0.36328125 0.31973684210526315 0.0265625 0.05526315789473684
4 0.76328125 0.44342105263157894 0.0328125 0.05
4 0.6015625 0.6381578947368421 0.0546875 0.06315789473684211
6 0.59453125 0.5815789473684211 0.0453125 0.06842105263157895
6 0.3890625 0.1723684210526316 0.028125 0.05526315789473684
6 0.79765625 0.32894736842105265 0.0328125 0.06315789473684211
4 0.31484375 0.7736842105263158 0.0359375 0.06578947368421052