5 0.86953125 0.31973684210526315 0.0375 0.09473684210526316
5 0.75703125 0.20526315789473684 0.04375 0.08157894736842106
5 0.615625 0.5144736842105263 0.075 0.14736842105263157
5 0.18671875 0.45394736842105265 0.053125 0.11315789473684211
6 0.753125 0.22105263157894736 0.034375 0.07368421052631578
6 0.190625 0.4618421052631579 0.040625 0.0868421052631579
6 0.58828125 0.5394736842105263 0.0390625 0.08421052631578947
6 0.86640625 0.33421052631578946 0.0359375 0.06842105263157895
4 0.87734375 0.6236842105263158 0.0265625 0.08157894736842106
4 0.54375 0.6 0.034375 0.07894736842105263
4 0.5875 0.5855263157894737 0.05625 0.10263157894736842
4 0.7234375 0.3118421052631579 0.04375 0.05789473684210526