3 0.310625 0.7626953125 0.13375 0.193359375
3 0.070625 0.931640625 0.11125 0.1328125
3 0.564375 0.388671875 0.04125 0.0546875
3 0.4975 0.640625 0.085 0.1328125
3 0.59125 0.1640625 0.04 0.04296875
3 0.421875 0.259765625 0.03875 0.05078125
3 0.319375 0.248046875 0.04125 0.05859375
3 0.754375 0.197265625 0.03875 0.04296875
3 0.39875 0.1240234375 0.035 0.044921875
3 0.695 0.5673828125 0.0775 0.146484375
3 0.498125 0.1455078125 0.03125 0.041015625
3 0.620625 0.7880859375 0.03125 0.103515625
3 0.369375 0.091796875 0.01875 0.0390625
3 0.92625 0.4462890625 0.05 0.044921875
3 0.19666250000000002 0.81380859375 0.061662499999999995 0.08333984375