0 0.25546875 0.91171875 0.078125 0.1125
0 0.2328125 0.8015625 0.0546875 0.1015625
0 0.55546875 0.5734375 0.05625 0.065625
0 0.5765625 0.496875 0.0421875 0.0328125
0 0.6890625 0.44140625 0.0515625 0.0609375
0 0.9796875 0.6953125 0.040625 0.109375
1 0.3453125 0.33671875 0.06875 0.0703125
1 0.43203125 0.27265625 0.053125 0.0875
3 0.65625 0.325 0.0578125 0.0515625
1 0.6421875 0.27265625 0.04375 0.0484375
3 0.8484375 0.315625 0.0671875 0.059375
1 0.8546875 0.23359375 0.1015625 0.0734375
1 0.9328125 0.2140625 0.034375 0.078125
1 0.03203125 0.340625 0.0640625 0.184375
1 0.1625 0.334375 0.078125 0.08125
3 0.9421875 0.309375 0.05 0.05625