0 0.496875 0.58515625 0.03125 0.034375
0 0.4625 0.69375 0.0625 0.065625
0 0.57265625 0.5421875 0.071875 0.053125
0 0.74375 0.9609375 0.103125 0.0515625
0 0.87421875 0.2046875 0.1171875 0.06875
0 0.76875 0.1984375 0.08125 0.053125
1 0.296875 0.034375 0.165625 0.06875
1 0.3125 0.18359375 0.075 0.0890625
1 0.3203125 0.3515625 0.078125 0.0734375
1 0.26640625 0.453125 0.08125 0.04375
3 0.33671875 0.68125 0.046875 0.0578125
1 0.2859375 0.65625 0.053125 0.040625
3 0.3453125 0.85625 0.046875 0.0421875
1 0.2703125 0.8734375 0.08125 0.0625
1 0.2578125 0.96953125 0.06875 0.0609375
3 0.3546875 0.95546875 0.05625 0.0796875