4 0.053125 0.51484375 0.071875 0.321875
4 0.12578125 0.4625 0.078125 0.38125
4 0.196875 0.46796875 0.0578125 0.29375
4 0.2625 0.6265625 0.0796875 0.33125
4 0.33671875 0.4734375 0.06875 0.353125
4 0.41015625 0.46015625 0.075 0.41875
4 0.48203125 0.5 0.065625 0.325
4 0.54609375 0.5359375 0.059375 0.3
4 0.60859375 0.46328125 0.06875 0.2953125
4 0.6703125 0.47265625 0.0640625 0.321875
4 0.959375 0.5 0.06875 0.3
4 0.8859375 0.53203125 0.084375 0.30625
4 0.8078125 0.4671875 0.0703125 0.30625
4 0.74609375 0.58359375 0.0875 0.378125