3 0.278125 0.403125 0.0875 0.08125
3 0.37734375 0.31796875 0.0828125 0.1109375
3 0.621875 0.30546875 0.0546875 0.075
0 0.6859375 0.38984375 0.059375 0.1140625
3 0.725 0.3453125 0.05625 0.078125
3 0.08125 0.409375 0.0609375 0.0828125
0 0.57421875 0.5078125 0.0859375 0.121875
0 0.5078125 0.78125 0.040625 0.1203125
0 0.39375 0.91796875 0.0640625 0.1078125
4 0.70078125 0.6734375 0.09375 0.1453125
0 0.7671875 0.5625 0.046875 0.0796875
1 0.24296875 0.2328125 0.1015625 0.1171875
1 0.37578125 0.17734375 0.121875 0.078125
5 0.6109375 0.2046875 0.10625 0.078125
5 0.7390625 0.22109375 0.08125 0.065625
5 0.871875 0.29921875 0.1125 0.1375
5 0.07265625 0.303125 0.0859375 0.0734375