5 0.1609375 0.065625 0.1203125 0.071875
3 0.5234375 0.3296875 0.121875 0.0875
6 0.42421875 0.26328125 0.0734375 0.0640625
5 0.44609375 0.16953125 0.078125 0.0796875
6 0.62890625 0.275 0.04375 0.06875
5 0.63125 0.203125 0.075 0.046875
5 0.54140625 0.15546875 0.1125 0.05
6 0.73203125 0.3015625 0.0296875 0.0375
5 0.7359375 0.24765625 0.046875 0.040625
5 0.87109375 0.19453125 0.0984375 0.05625
6 0.13515625 0.190625 0.109375 0.1046875
6 0.2453125 0.26171875 0.0375 0.025
6 0.87421875 0.31328125 0.06875 0.1