3 0.596875 0.721875 0.08125 0.0875
3 0.68203125 0.62265625 0.1125 0.0828125
3 0.69453125 0.378125 0.075 0.05625
0 0.61015625 0.3140625 0.1125 0.059375
3 0.6546875 0.275 0.078125 0.05625
3 0.590625 0.91875 0.08125 0.0609375
0 0.4921875 0.42578125 0.121875 0.084375
0 0.21875 0.4921875 0.1203125 0.040625
0 0.08203125 0.60625 0.1078125 0.0640625
4 0.3265625 0.29921875 0.146875 0.09375
0 0.4375 0.2328125 0.078125 0.046875
1 0.7671875 0.75703125 0.115625 0.1015625
1 0.82265625 0.62421875 0.078125 0.121875
5 0.7953125 0.3890625 0.078125 0.10625
5 0.77890625 0.2609375 0.065625 0.08125
5 0.70078125 0.128125 0.1375 0.1125
5 0.696875 0.92734375 0.0734375 0.0859375