5 0.8390625 0.934375 0.1203125 0.071875
3 0.4765625 0.6703125 0.121875 0.0875
6 0.57578125 0.73671875 0.0734375 0.0640625
5 0.55390625 0.83046875 0.078125 0.0796875
6 0.37109375 0.725 0.04375 0.06875
5 0.36875 0.796875 0.075 0.046875
5 0.45859375 0.84453125 0.1125 0.05
6 0.26796875 0.6984375 0.0296875 0.0375
5 0.2640625 0.75234375 0.046875 0.040625
5 0.12890625 0.80546875 0.0984375 0.05625
6 0.86484375 0.809375 0.109375 0.1046875
6 0.7546875 0.73828125 0.0375 0.025
6 0.12578125 0.68671875 0.06875 0.1