6 0.53515625 0.7328125 0.103125 0.1140625
6 0.78984375 0.275 0.065625 0.06875
3 0.740625 0.1390625 0.0890625 0.0953125
3 0.50546875 0.4609375 0.11875 0.1171875
5 0.75 0.728125 0.125 0.1078125
5 0.6875 0.46015625 0.096875 0.1375
5 0.80234375 0.4140625 0.121875 0.0984375
5 0.8890625 0.2890625 0.0875 0.078125
5 0.871875 0.12265625 0.090625 0.11875
4 0.27265625 0.646875 0.0921875 0.10625
4 0.34609375 0.58203125 0.0859375 0.128125
4 0.1609375 0.29140625 0.09375 0.1171875
4 0.23359375 0.87578125 0.11875 0.0859375