5 0.2390625 0.89765625 0.146875 0.103125
5 0.24296875 0.13046875 0.1015625 0.071875
5 0.1640625 0.34296875 0.0671875 0.0609375
5 0.175 0.26640625 0.0453125 0.05
5 0.26953125 0.45625 0.1234375 0.0953125
3 0.3703125 0.421875 0.065625 0.05
3 0.2359375 0.33125 0.0734375 0.0453125
3 0.3546875 0.85 0.078125 0.0609375
6 0.36484375 0.14765625 0.059375 0.0578125
6 0.2640625 0.2609375 0.078125 0.04375
4 0.71640625 0.6140625 0.065625 0.046875
4 0.4875 0.41015625 0.1265625 0.0703125
4 0.4375 0.128125 0.0984375 0.06875