3 0.35703125 0.503125 0.1109375 0.109375
6 0.25625 0.609375 0.0875 0.05625
6 0.2609375 0.9015625 0.128125 0.1125
6 0.2734375 0.39921875 0.046875 0.0578125
6 0.27421875 0.29765625 0.046875 0.01875
6 0.2734375 0.171875 0.08125 0.0609375
5 0.209375 0.2859375 0.0421875 0.04375
5 0.15390625 0.1765625 0.078125 0.0796875
5 0.15859375 0.5125 0.075 0.090625
5 0.18359375 0.61875 0.053125 0.078125
5 0.1890625 0.39921875 0.0546875 0.04375
5 0.26640625 0.0640625 0.0359375 0.04375
5 0.13828125 0.87734375 0.065625 0.09375