3 0.3453125 0.328125 0.0375 0.04375
0 0.47109375 0.309375 0.0578125 0.05
0 0.7484375 0.0375 0.0953125 0.04375
0 0.4984375 0.41484375 0.028125 0.04375
0 0.58046875 0.4515625 0.0734375 0.04375
0 0.878125 0.80390625 0.0859375 0.075
0 0.78125 0.7984375 0.09375 0.0515625
1 0.29453125 0.328125 0.05625 0.0625
1 0.2765625 0.1328125 0.096875 0.0984375
1 0.25546875 0.0375 0.05625 0.046875
1 0.26796875 0.5375 0.0703125 0.04375
1 0.3171875 0.63828125 0.078125 0.0671875
1 0.31484375 0.81796875 0.0984375 0.0890625
1 0.2953125 0.95859375 0.19375 0.0828125
3 0.3546875 0.1484375 0.0828125 0.05