3 0.496875 0.35703125 0.109375 0.1109375
6 0.390625 0.25625 0.05625 0.0875
6 0.0984375 0.2609375 0.1125 0.128125
6 0.60078125 0.2734375 0.0578125 0.046875
6 0.70234375 0.27421875 0.0203125 0.046875
6 0.828125 0.2734375 0.0609375 0.0828125
5 0.7140625 0.209375 0.04375 0.0421875
5 0.8234375 0.15390625 0.0796875 0.0796875
5 0.4875 0.15859375 0.090625 0.0765625
5 0.38125 0.18359375 0.0796875 0.0546875
5 0.60078125 0.1890625 0.04375 0.0546875
5 0.9359375 0.26640625 0.0453125 0.0359375
5 0.12265625 0.13828125 0.09375 0.0671875