3 0.290625 0.40546875 0.08125 0.096875
3 0.38046875 0.3015625 0.071875 0.090625
3 0.61640625 0.30859375 0.0671875 0.090625
0 0.6828125 0.39453125 0.0578125 0.1234375
3 0.7359375 0.3359375 0.0703125 0.0828125
0 0.56953125 0.5109375 0.084375 0.1375
0 0.5078125 0.78203125 0.0328125 0.090625
0 0.39921875 0.91015625 0.078125 0.128125
0 0.7796875 0.5671875 0.05 0.0671875
5 0.0765625 0.29375 0.134375 0.0734375
5 0.6171875 0.21015625 0.0828125 0.0796875
5 0.7390625 0.22734375 0.084375 0.0640625
5 0.8890625 0.303125 0.125 0.140625
1 0.24765625 0.225 0.10625 0.11875
1 0.37265625 0.165625 0.10625 0.0765625
3 0.08671875 0.3875 0.075 0.078125