4 0.11875 0.79921875 0.075 0.1375
4 0.3421875 0.7421875 0.1109375 0.1265625
4 0.42421875 0.690625 0.1078125 0.1046875
4 0.72890625 0.86484375 0.121875 0.103125
5 0.5265625 0.35078125 0.10625 0.0984375
5 0.83359375 0.1515625 0.071875 0.090625
5 0.5546875 0.2125 0.1 0.0859375
5 0.6734375 0.121875 0.0828125 0.1
5 0.253125 0.27421875 0.1046875 0.109375
5 0.90625 0.0828125 0.071875 0.03125
6 0.25546875 0.4703125 0.1125 0.10625
3 0.5125 0.51640625 0.08125 0.1046875
3 0.8484375 0.2828125 0.0890625 0.0609375