5 0.89765625 0.2390625 0.103125 0.146875
5 0.13046875 0.24296875 0.071875 0.1015625
5 0.34296875 0.1640625 0.0609375 0.065625
5 0.26640625 0.175 0.05 0.0453125
5 0.45625 0.26953125 0.09375 0.1234375
3 0.421875 0.3703125 0.05 0.065625
3 0.33125 0.2359375 0.04375 0.0734375
3 0.85 0.3546875 0.0609375 0.078125
6 0.14765625 0.36484375 0.0578125 0.059375
6 0.2609375 0.2640625 0.04375 0.078125
4 0.6140625 0.71640625 0.046875 0.065625
4 0.41015625 0.4875 0.06875 0.1265625
4 0.128125 0.4375 0.06875 0.096875