3 0.32760416666666664 0.20092592592592592 0.08229166666666667 0.13333333333333333
3 0.5078125 0.5768518518518518 0.09479166666666666 0.15555555555555556
3 0.01875 0.2851851851851852 0.035416666666666666 0.11296296296296296
6 0.8791666666666667 0.30185185185185187 0.052083333333333336 0.1388888888888889
6 0.7375 0.6148148148148148 0.09375 0.16111111111111112
1 0.022395833333333334 0.1935185185185185 0.04479166666666667 0.15092592592592594
1 0.32708333333333334 0.08055555555555556 0.153125 0.14629629629629629
1 0.4671875 0.4078703703703704 0.20416666666666666 0.23333333333333334
1 0.8760416666666667 0.2152777777777778 0.115625 0.15648148148148147
1 0.7518229166666667 0.5 0.1484375 0.23796296296296296
4 0.1078125 0.5166666666666667 0.0546875 0.09351851851851851
4 0.042708333333333334 0.825462962962963 0.0390625 0.10555555555555556
0 0.19010416666666666 0.7226851851851852 0.09114583333333333 0.13425925925925927
0 0.06328125 0.9120370370370371 0.06979166666666667 0.09351851851851851
0 0.6002604166666666 0.8333333333333334 0.06041666666666667 0.15185185185185185
4 0.040625 0.7296296296296296 0.03125 0.08703703703703704
6 0.97421875 0.8083333333333333 0.0515625 0.1962962962962963