3 0.52421875 0.5296875 0.109375 0.134375
6 0.2640625 0.4375 0.15625 0.09375
5 0.28984375 0.2390625 0.1234375 0.1078125
5 0.565625 0.33671875 0.1359375 0.1140625
5 0.8640625 0.1890625 0.0921875 0.0609375
5 0.59453125 0.221875 0.09375 0.1
5 0.740625 0.15546875 0.125 0.0828125
5 0.0328125 0.12734375 0.065625 0.1015625
3 0.87265625 0.3265625 0.1140625 0.0859375
4 0.08125 0.740625 0.0828125 0.128125
4 0.33125 0.73046875 0.121875 0.1125
4 0.384375 0.67734375 0.1109375 0.121875
4 0.675 0.89140625 0.109375 0.0890625