3 0.65 0.5 0.096875 0.103125
5 0.8453125 0.51171875 0.065625 0.140625
5 0.8484375 0.8890625 0.128125 0.0875
6 0.734375 0.90390625 0.09375 0.071875
5 0.74140625 0.79921875 0.034375 0.046875
5 0.815625 0.63203125 0.0859375 0.1234375
6 0.73203125 0.40625 0.05625 0.0625
5 0.80546875 0.4078125 0.053125 0.053125
5 0.78359375 0.30234375 0.05625 0.05
6 0.715625 0.29140625 0.0453125 0.028125
6 0.7234375 0.165625 0.0890625 0.053125
5 0.85390625 0.17578125 0.071875 0.053125
5 0.740625 0.06328125 0.05625 0.059375
6 0.728125 0.61796875 0.075 0.05