5 0.159375 0.53125 0.059375 0.128125
5 0.17109375 0.4171875 0.05625 0.0796875
5 0.11015625 0.1875 0.05 0.1078125
5 0.19609375 0.3234375 0.05625 0.04375
5 0.1796875 0.921875 0.0609375 0.10625
6 0.31875 0.9328125 0.1234375 0.096875
5 0.278125 0.821875 0.028125 0.03125
5 0.29765625 0.76171875 0.05 0.03125
5 0.19375 0.6265625 0.0390625 0.0609375
6 0.27421875 0.63984375 0.09375 0.059375
6 0.25703125 0.41953125 0.053125 0.05625
6 0.23984375 0.1828125 0.0765625 0.05625
6 0.25546875 0.3171875 0.040625 0.040625
3 0.34296875 0.52109375 0.1234375 0.090625