3 0.5 0.35 0.103125 0.096875
5 0.48828125 0.1546875 0.140625 0.0671875
5 0.1109375 0.1515625 0.0875 0.1296875
6 0.09609375 0.265625 0.0703125 0.09375
5 0.20078125 0.25859375 0.0484375 0.034375
5 0.36796875 0.184375 0.1234375 0.0859375
6 0.59375 0.26796875 0.0625 0.05625
5 0.5921875 0.19453125 0.0546875 0.0546875
5 0.69765625 0.21640625 0.05 0.0578125
6 0.70859375 0.284375 0.028125 0.0453125
6 0.834375 0.2765625 0.0546875 0.0890625
5 0.82421875 0.14609375 0.0546875 0.0734375
5 0.93671875 0.259375 0.0609375 0.05625
6 0.38203125 0.271875 0.05 0.075