5 0.50078125 0.3125 0.165625 0.096875
5 0.79296875 0.3171875 0.1296875 0.1203125
5 0.24609375 0.07421875 0.0890625 0.059375
5 0.3765625 0.0921875 0.0875 0.0953125
5 0.49375 0.20234375 0.0859375 0.1
6 0.76015625 0.51328125 0.153125 0.084375
3 0.48125 0.51953125 0.0765625 0.115625
3 0.20234375 0.21328125 0.1015625 0.078125
6 0.3625 0.19921875 0.065625 0.0703125
4 0.5890625 0.7734375 0.1453125 0.0859375
4 0.540625 0.6953125 0.1 0.078125
4 0.196875 0.8125 0.0984375 0.075
4 0.81953125 0.865625 0.0703125 0.13125