5 0.090625 0.18046875 0.1046875 0.0796875
6 0.3765625 0.29375 0.075 0.0921875
5 0.3671875 0.19609375 0.1046875 0.04375
5 0.459375 0.15234375 0.11875 0.053125
5 0.81171875 0.12109375 0.171875 0.0578125
3 0.4921875 0.353125 0.1078125 0.1078125
6 0.084375 0.303125 0.128125 0.109375
6 0.58125 0.26640625 0.0671875 0.0671875
6 0.81796875 0.240625 0.0953125 0.090625
6 0.68515625 0.25859375 0.0390625 0.0296875
5 0.68671875 0.2109375 0.025 0.0421875
5 0.5765625 0.175 0.0421875 0.0328125
5 0.678125 0.18359375 0.025 0.01875
5 0.2421875 0.296875 0.0375 0.04375
5 0.18359375 0.278125 0.0359375 0.0328125