5 0.934375 0.1609375 0.0734375 0.1203125
3 0.6703125 0.5234375 0.0875 0.121875
6 0.73671875 0.42421875 0.0640625 0.0734375
5 0.83046875 0.44609375 0.0796875 0.0796875
6 0.725 0.62890625 0.0703125 0.04375
5 0.796875 0.63125 0.0484375 0.075
5 0.84453125 0.54140625 0.05 0.1140625
6 0.6984375 0.73203125 0.0390625 0.0296875
5 0.75234375 0.7359375 0.040625 0.046875
5 0.80546875 0.87109375 0.05625 0.0984375
6 0.809375 0.13515625 0.1046875 0.109375
6 0.73828125 0.2453125 0.025 0.0390625
6 0.68671875 0.87421875 0.1 0.0703125