3 0.503125 0.64296875 0.109375 0.1109375
6 0.609375 0.74375 0.05625 0.0875
6 0.9015625 0.7390625 0.1125 0.128125
6 0.39921875 0.7265625 0.0578125 0.046875
6 0.29765625 0.72578125 0.01875 0.046875
6 0.171875 0.7265625 0.0609375 0.08125
5 0.2859375 0.790625 0.04375 0.0421875
5 0.1765625 0.84609375 0.0796875 0.078125
5 0.5125 0.84140625 0.090625 0.075
5 0.61875 0.81640625 0.078125 0.053125
5 0.39921875 0.8109375 0.04375 0.0546875
5 0.0640625 0.73359375 0.04375 0.0359375
5 0.87734375 0.86171875 0.09375 0.065625