4 0.87890625 0.5328125 0.06875 0.109375
4 0.60625 0.5265625 0.075 0.0875
4 0.36640625 0.2828125 0.08125 0.1203125
3 0.178125 0.67578125 0.1 0.0765625
3 0.57890625 0.615625 0.0546875 0.053125
3 0.69296875 0.7359375 0.040625 0.0859375
3 0.64921875 0.775 0.046875 0.078125
6 0.7609375 0.7109375 0.046875 0.06875
6 0.87578125 0.60546875 0.075 0.046875
5 0.8859375 0.734375 0.0875 0.10625
5 0.68984375 0.8296875 0.04375 0.0765625
5 0.7578125 0.80078125 0.0515625 0.06875
5 0.95078125 0.83125 0.05625 0.084375
5 0.56484375 0.7375 0.0875 0.1328125
5 0.63046875 0.85625 0.071875 0.05
5 0.12265625 0.8171875 0.121875 0.0984375