6 0.2671875 0.46484375 0.1140625 0.103125
6 0.725 0.21015625 0.0703125 0.0671875
3 0.8609375 0.259375 0.0953125 0.0890625
3 0.5390625 0.49453125 0.1171875 0.11875
5 0.271875 0.25 0.1078125 0.125
5 0.53984375 0.3125 0.1375 0.096875
5 0.5859375 0.19765625 0.0984375 0.121875
5 0.7109375 0.1109375 0.078125 0.0890625
5 0.87734375 0.128125 0.1203125 0.090625
4 0.353125 0.72734375 0.1078125 0.0921875
4 0.41796875 0.65390625 0.128125 0.0859375
4 0.70859375 0.8390625 0.1171875 0.09375
4 0.12421875 0.76640625 0.0859375 0.11875