1 0.26171875 0.77734375 0.109375 0.1296875
1 0.1859375 0.65703125 0.0890625 0.1125
5 0.35703125 0.9578125 0.0765625 0.084375
3 0.2828125 0.396875 0.0734375 0.08125
5 0.19453125 0.41953125 0.0578125 0.065625
5 0.19765625 0.29609375 0.0765625 0.08125
5 0.26796875 0.1328125 0.125 0.153125
0 0.3703125 0.3328125 0.1140625 0.09375
3 0.31953125 0.284375 0.0796875 0.078125
3 0.4484375 0.9203125 0.078125 0.065625
3 0.41796875 0.7296875 0.1078125 0.08125
3 0.321875 0.6390625 0.1109375 0.09375
0 0.4984375 0.425 0.15 0.1265625
4 0.63125 0.275 0.165625 0.1015625
0 0.5359375 0.228125 0.0671875 0.0515625
0 0.7828125 0.44765625 0.0859375 0.059375
0 0.93359375 0.565625 0.1078125 0.071875