4 0.25859375 0.34609375 0.115625 0.15
0 0.3265625 0.634375 0.084375 0.11875
0 0.4375 0.509375 0.115625 0.140625
0 0.22734375 0.4703125 0.09375 0.0765625
0 0.4515625 0.22421875 0.0953125 0.0734375
0 0.565625 0.0703125 0.109375 0.1125
3 0.7296875 0.57109375 0.10625 0.09375
3 0.628125 0.68125 0.071875 0.090625
3 0.4046875 0.70703125 0.071875 0.075
3 0.296875 0.68671875 0.075 0.059375
3 0.91875 0.546875 0.059375 0.06875
5 0.93125 0.6546875 0.0828125 0.0875
5 0.41875 0.8 0.0640625 0.06875
5 0.2921875 0.80703125 0.065625 0.06875
5 0.1390625 0.71875 0.1125 0.15625
1 0.65 0.8265625 0.11875 0.0859375
1 0.7828125 0.740625 0.121875 0.09375