3 0.6546875 0.671875 0.0375 0.04375
0 0.52890625 0.690625 0.05625 0.05
0 0.2515625 0.9625 0.09375 0.04375
0 0.5015625 0.58515625 0.028125 0.04375
0 0.41953125 0.5484375 0.071875 0.04375
0 0.121875 0.19609375 0.0859375 0.075
0 0.21875 0.2015625 0.09375 0.05
1 0.70546875 0.671875 0.05625 0.0625
1 0.7234375 0.8671875 0.096875 0.0984375
1 0.74453125 0.9625 0.05625 0.046875
1 0.73203125 0.4625 0.0703125 0.04375
1 0.6828125 0.36171875 0.078125 0.065625
1 0.68515625 0.18203125 0.096875 0.0890625
1 0.7046875 0.04140625 0.19375 0.08125
3 0.6453125 0.8515625 0.0828125 0.05