4 0.5328125 0.12109375 0.109375 0.06875
4 0.5265625 0.39375 0.0875 0.075
4 0.2828125 0.63359375 0.1203125 0.08125
3 0.67578125 0.821875 0.0765625 0.1
3 0.615625 0.42109375 0.053125 0.0546875
3 0.7359375 0.30703125 0.0859375 0.040625
3 0.775 0.35078125 0.078125 0.046875
6 0.7109375 0.2390625 0.06875 0.046875
6 0.60546875 0.12421875 0.046875 0.075
5 0.734375 0.1140625 0.10625 0.0875
5 0.8296875 0.31015625 0.0765625 0.04375
5 0.80078125 0.2421875 0.06875 0.0515625
5 0.83125 0.04921875 0.084375 0.05625
5 0.7375 0.43515625 0.1328125 0.0875
5 0.85625 0.36953125 0.05 0.071875
5 0.8171875 0.87734375 0.0984375 0.121875