4 0.74140625 0.65390625 0.115625 0.15
0 0.6734375 0.365625 0.0828125 0.11875
0 0.5625 0.490625 0.115625 0.140625
0 0.77265625 0.5296875 0.09375 0.0765625
0 0.5484375 0.77578125 0.0953125 0.0734375
0 0.434375 0.9296875 0.109375 0.1125
3 0.2703125 0.42890625 0.1078125 0.09375
3 0.371875 0.31875 0.0734375 0.0921875
3 0.5953125 0.29296875 0.0734375 0.0765625
3 0.703125 0.31328125 0.075 0.059375
3 0.08125 0.453125 0.059375 0.0703125
5 0.06875 0.3453125 0.0828125 0.0875
5 0.58125 0.2 0.0640625 0.06875
5 0.7078125 0.19296875 0.065625 0.06875
5 0.8609375 0.28125 0.1140625 0.15625
1 0.35 0.1734375 0.1203125 0.0859375
1 0.2171875 0.259375 0.121875 0.09375