5 0.29765625 0.93125 0.071875 0.0671875
5 0.29375 0.121875 0.11875 0.125
5 0.20546875 0.37109375 0.0703125 0.059375
3 0.3 0.371875 0.0625 0.0859375
0 0.396875 0.32265625 0.1375 0.084375
3 0.33515625 0.27265625 0.09375 0.075
3 0.3109375 0.6171875 0.090625 0.090625
3 0.40078125 0.725 0.090625 0.0609375
3 0.3984375 0.91875 0.065625 0.0734375
0 0.50078125 0.425 0.09375 0.125
0 0.78984375 0.48984375 0.121875 0.103125
0 0.56171875 0.225 0.059375 0.078125
4 0.6578125 0.296875 0.16875 0.0953125
1 0.165625 0.62421875 0.0671875 0.090625
1 0.2203125 0.74921875 0.103125 0.1203125
5 0.221875 0.253125 0.1125 0.078125