5 0.81953125 0.909375 0.078125 0.103125
6 0.70625 0.6234375 0.090625 0.075
5 0.80390625 0.6328125 0.04375 0.103125
5 0.84765625 0.540625 0.053125 0.11875
5 0.87890625 0.18828125 0.0578125 0.171875
3 0.646875 0.5078125 0.1078125 0.1078125
6 0.696875 0.915625 0.109375 0.128125
6 0.73359375 0.41875 0.0671875 0.06875
6 0.759375 0.18203125 0.090625 0.09375
6 0.74140625 0.31484375 0.0296875 0.0390625
5 0.7890625 0.31328125 0.0421875 0.025
5 0.825 0.4234375 0.03125 0.040625
5 0.81640625 0.321875 0.01875 0.025
5 0.703125 0.7578125 0.04375 0.0375
5 0.721875 0.81640625 0.0328125 0.0359375