3 0.52109375 0.35625 0.096875 0.125
6 0.85234375 0.32734375 0.0703125 0.1
6 0.4140625 0.259375 0.046875 0.06875
5 0.53046875 0.15078125 0.109375 0.078125
5 0.14609375 0.0765625 0.121875 0.0859375
5 0.4359375 0.18046875 0.0953125 0.0640625
6 0.63046875 0.2875 0.0375 0.05625
5 0.63671875 0.1921875 0.05 0.0484375
6 0.7265625 0.3046875 0.0203125 0.0515625
5 0.74921875 0.24921875 0.046875 0.0421875
5 0.8515625 0.184375 0.0953125 0.06875
6 0.13828125 0.20390625 0.1015625 0.0890625
5 0.2453125 0.2234375 0.034375 0.0359375
5 0.2875 0.2421875 0.053125 0.059375