3 0.18001741401828472 0.64157413455258 0.09577710056595559 0.10222077073807968
3 0.7900522420548541 0.7299150881776617 0.10383108402263823 0.13324624428478118
3 0.07520679146713104 0.511430437622469 0.058554636482368305 0.062050947093403
3 0.38789725729212016 0.49804049640757675 0.043535045711798 0.08033964728935336
3 0.26872006965607315 0.598791639451339 0.038963865912059206 0.06694970607446114
3 0.52154984762734 0.7080339647289353 0.10404875925119722 0.11887655127367734
3 0.9571179799738789 0.5422926192031352 0.0631258162821071 0.07935989549314174
3 0.37701349586417066 0.39353363814500325 0.04222899434044406 0.050293925538863485
3 0.7285589899869395 0.3651208360548661 0.037875489769264255 0.046374918354016983
3 0.12146277753591642 0.4181907250163292 0.0348280365694384 0.04082299150881777
3 0.35339573356552023 0.5411495754408883 0.05115367871136265 0.043762246897452645
3 0.6127557683935568 0.3985956890920967 0.03221593382673052 0.04408883082952319
3 0.5195907705703091 0.484323971260614 0.05790161079669134 0.05355976485956891
3 0.5654114061819765 0.4975506205094709 0.04288202002612103 0.05323318092749837