4 0.84609375 0.61796875 0.2203125 0.253125
4 0.6328125 0.6203125 0.203125 0.2296875
4 0.44609375 0.61484375 0.153125 0.2890625
4 0.47734375 0.86953125 0.2234375 0.1609375
4 0.77109375 0.8765625 0.3171875 0.2
4 0.18671875 0.8765625 0.234375 0.14375
4 0.2609375 0.6265625 0.1421875 0.2765625
4 0.09765625 0.63203125 0.1546875 0.284375
4 0.11875 0.37421875 0.20625 0.2109375
4 0.365625 0.36875 0.2296875 0.2109375
4 0.60625 0.359375 0.225 0.20625
4 0.84765625 0.3484375 0.1609375 0.2546875
4 0.89140625 0.13203125 0.2171875 0.2234375
4 0.65546875 0.11875 0.1953125 0.2359375
4 0.46171875 0.12421875 0.1921875 0.2390625
4 0.26953125 0.12578125 0.1671875 0.2328125
4 0.09921875 0.13359375 0.1796875 0.23125