3 0.7663194444444444 0.46927083333333336 0.08263888888888889 0.08854166666666667
3 0.24618055555555557 0.5697916666666667 0.059027777777777776 0.0625
3 0.12083333333333333 0.6125 0.07083333333333333 0.08541666666666667
3 0.3763888888888889 0.8203125 0.07777777777777778 0.10729166666666666
3 0.4704861111111111 0.48020833333333335 0.06180555555555556 0.06458333333333334
3 0.5340277777777778 0.39791666666666664 0.044444444444444446 0.05625
3 0.3527777777777778 0.4244791666666667 0.05277777777777778 0.04479166666666667
3 0.1579861111111111 0.4479166666666667 0.04236111111111111 0.04791666666666667
3 0.5618055555555556 0.26666666666666666 0.04027777777777778 0.041666666666666664
3 0.6277777777777778 0.3619791666666667 0.029166666666666667 0.040625
3 0.4635416666666667 0.23125 0.027083333333333334 0.041666666666666664
3 0.31145833333333334 0.5333333333333333 0.04652777777777778 0.05
3 0.30972222222222223 0.2630208333333333 0.02638888888888889 0.034375
3 0.15138888888888888 0.25885416666666666 0.027777777777777776 0.03229166666666667
3 0.14791666666666667 0.3692708333333333 0.029166666666666667 0.026041666666666668
3 0.09583333333333334 0.34739583333333335 0.022222222222222223 0.03229166666666667