3 0.167578125 0.16041666666666668 0.08671875 0.12916666666666668
3 0.733203125 0.7854166666666667 0.08828125 0.15138888888888888
3 0.83671875 0.6395833333333333 0.090625 0.12638888888888888
3 0.53359375 0.9263888888888889 0.0921875 0.125
3 0.5140625 0.6326388888888889 0.096875 0.14305555555555555
3 0.18828125 0.41805555555555557 0.084375 0.125
3 0.950390625 0.7263888888888889 0.09296875 0.12777777777777777
3 0.31484375 0.4736111111111111 0.0859375 0.10277777777777777
3 0.050390625 0.13958333333333334 0.08515625 0.1125
3 0.845703125 0.32708333333333334 0.08515625 0.1486111111111111
3 0.969921875 0.1951388888888889 0.05859375 0.10138888888888889
3 0.967578125 0.4263888888888889 0.06328125 0.15
3 0.1015625 0.7451388888888889 0.0953125 0.14583333333333334
3 0.812890625 0.9284722222222223 0.09296875 0.1375
3 0.596484375 0.5756944444444444 0.07109375 0.09861111111111111
3 0.2921875 0.8145833333333333 0.090625 0.10972222222222222
3 0.405078125 0.8347222222222223 0.05234375 0.09444444444444444
3 0.778125 0.024305555555555556 0.075 0.04861111111111111
3 0.270703125 0.04027777777777778 0.05546875 0.08055555555555556
3 0.0109375 0.5548611111111111 0.021875 0.12916666666666668