1 0.32624166666666665 0.3299875156054931 0.19271666666666665 0.35022471910112357
1 0.5095333333333334 0.26761548064918855 0.17600833333333335 0.3458801498127341
1 0.6348583333333334 0.18435705368289637 0.16415833333333335 0.36872659176029965
1 0.7053583333333333 0.36334581772784025 0.13234166666666666 0.2626841448189763
1 0.8636416666666665 0.21504369538077403 0.12589166666666665 0.23449438202247191
1 0.9545166666666667 0.28529338327091136 0.090975 0.24390761548064918
3 0.3623416666666667 0.43357053682896385 0.13995 0.1472159800249688
3 0.5144 0.3581273408239701 0.08574166666666666 0.1523720349563046
3 0.6484083333333334 0.26757802746566794 0.06209166666666667 0.12108614232209737
3 0.7181833333333334 0.4158801498127341 0.06415 0.1243071161048689
3 0.8580916666666667 0.335230961298377 0.08145833333333333 0.13154806491885143
3 0.9441833333333333 0.32169787765293384 0.09531666666666666 0.10446941323345818