3 0.1661392405063291 0.4125 0.10443037974683544 0.08
3 0.7056962025316456 0.20375 0.10126582278481013 0.0875
3 0.7468354430379747 0.63875 0.14556962025316456 0.1075
6 0.44936708860759494 0.4375 0.10759493670886076 0.095
6 0.4889240506329114 0.29375 0.11075949367088607 0.0875
6 0.4778481012658228 0.08875 0.0949367088607595 0.0525
5 0.14082278481012658 0.35375 0.16139240506329114 0.1175
5 0.4825949367088608 0.24 0.18037974683544303 0.115
5 0.7294303797468354 0.145 0.1360759493670886 0.105
5 0.4920886075949367 0.03375 0.14240506329113925 0.0675
5 0.49050632911392406 0.36125 0.17088607594936708 0.0775
5 0.7911392405063291 0.36125 0.1550632911392405 0.1325
5 0.7436708860759493 0.63375 0.30063291139240506 0.3775
4 0.6708860759493671 0.9075 0.11075949367088607 0.075
4 0.9034810126582279 0.82625 0.10443037974683544 0.0925
4 0.2990506329113924 0.88 0.14556962025316456 0.0975
4 0.944620253164557 0.70875 0.10126582278481013 0.0775
4 0.055379746835443035 0.5575 0.09177215189873418 0.1075
4 0.2310126582278481 0.46 0.11392405063291139 0.1175
4 0.6170886075949367 0.43125 0.06962025316455696 0.065
4 0.6550632911392406 0.0525 0.11075949367088607 0.06
4 0.5015822784810127 0.11625 0.10759493670886076 0.08