3 0.4975 0.4336283185840708 0.055 0.07079646017699115
3 0.12375 0.8694690265486725 0.0675 0.09292035398230089
3 0.5675 0.9137168141592921 0.07 0.09292035398230089
3 0.82125 0.1504424778761062 0.0525 0.061946902654867256
3 0.74875 0.2345132743362832 0.0525 0.08849557522123894
3 0.64 0.5022123893805309 0.05 0.0752212389380531
3 0.275 0.5110619469026548 0.065 0.084070796460177
3 0.0825 0.3407079646017699 0.045 0.07964601769911504
3 0.5125 0.8230088495575221 0.05 0.07079646017699115
3 0.655 0.23008849557522124 0.06 0.09734513274336283
3 0.045 0.9557522123893806 0.075 0.07964601769911504
3 0.92875 0.6769911504424779 0.0725 0.10619469026548672
3 0.17375 0.7964601769911505 0.0375 0.061946902654867256
3 0.26 0.22787610619469026 0.055 0.0752212389380531
3 0.48625 0.22123893805309736 0.0675 0.07964601769911504
3 0.49375 0.0752212389380531 0.0625 0.05309734513274336
3 0.2975 0.017699115044247787 0.05 0.035398230088495575
3 0.82 0.017699115044247787 0.045 0.035398230088495575
6 0.100575 0.483716814159292 0.0716 0.0824778761061947
3 0.894875 0.3278318584070797 0.076125 0.10460176991150442
5 0.7465999999999999 0.14783185840707963 0.07045 0.0824778761061947
5 0.8875 0.20212389380530973 0.07045 0.11464601769911505
5 0.9272750000000001 0.5802212389380531 0.07955 0.12672566371681415
5 0.64205 0.4193362831858407 0.07955 0.12672566371681415
5 0.4949 0.35898230088495575 0.069325 0.1065929203539823
1 0.4915 0.14579646017699116 0.069325 0.1065929203539823
5 0.4915 0.14579646017699116 0.069325 0.1065929203539823
5 0.289775 0.42734513274336283 0.08410000000000001 0.11867256637168141
5 0.1091 0.4092477876106195 0.08410000000000001 0.11867256637168141
5 0.26195 0.15787610619469025 0.069325 0.1065929203539823
5 0.12217499999999999 0.7853982300884956 0.069325 0.1065929203539823
5 0.043775 0.8738938053097345 0.07842500000000001 0.11061946902654868
5 0.575025 0.8135398230088496 0.09092499999999999 0.12269911504424778
5 0.5227499999999999 0.7129646017699115 0.09092499999999999 0.12269911504424778
5 0.822175 0.07539823008849557 0.060250000000000005 0.08650442477876107
5 0.7465999999999999 0.14783185840707963 0.07045 0.0824778761061947
5 0.069325 0.2604424778761062 0.07045 0.0824778761061947