3 0.7325 0.6177777777777778 0.03 0.035555555555555556
3 0.01625 0.52 0.0275 0.035555555555555556
3 0.4275 0.8177777777777778 0.03 0.044444444444444446
3 0.98375 0.9155555555555556 0.0275 0.044444444444444446
3 0.33875 0.9044444444444445 0.0325 0.04888888888888889
3 0.95 0.94 0.035 0.04888888888888889
3 0.9225 0.3844444444444444 0.025 0.03111111111111111
3 0.07375 0.4955555555555556 0.0225 0.03111111111111111
3 0.38375 0.2777777777777778 0.0225 0.03111111111111111
3 0.49125 0.66 0.0275 0.04
3 0.39375 0.7066666666666667 0.0275 0.035555555555555556
3 0.50625 0.37333333333333335 0.0225 0.035555555555555556
3 0.305 0.6288888888888889 0.025 0.04
3 0.75 0.49777777777777776 0.025 0.035555555555555556
3 0.675 0.9688888888888889 0.035 0.044444444444444446
3 0.76375 0.4222222222222222 0.0225 0.035555555555555556
3 0.27625 0.4177777777777778 0.0225 0.035555555555555556
3 0.4725 0.32 0.02 0.035555555555555556
3 0.6225 0.5755555555555556 0.03 0.03111111111111111
3 0.1325 0.38 0.02 0.03111111111111111
3 0.27125 0.6933333333333334 0.0225 0.044444444444444446
3 0.1375 0.5111111111111111 0.025 0.035555555555555556
3 0.9875 0.6844444444444444 0.02 0.044444444444444446
3 0.6335999999999999 0.4111111111111111 0.0297 0.027777777777777776
3 0.56445 0.39168888888888886 0.025775000000000003 0.03333333333333333
3 0.45235 0.45764444444444446 0.028125 0.04582222222222222
3 0.6320250000000001 0.8840444444444444 0.040625 0.04862222222222222
3 0.9871 0.5944444444444444 0.025775000000000003 0.05555555555555555