3 0.67125 0.8207964601769911 0.1475 0.18141592920353983
2 0.12125 0.48451327433628316 0.1475 0.1902654867256637
3 0.43 0.6592920353982301 0.13 0.17699115044247787
3 0.815 0.7477876106194691 0.095 0.13274336283185842
3 0.5375 0.7942477876106194 0.075 0.10176991150442478
3 0.65375 0.37831858407079644 0.0625 0.10176991150442478
3 0.51 0.27654867256637167 0.04 0.0752212389380531
3 0.6775 0.05309734513274336 0.04 0.05309734513274336
3 0.59375 0.08628318584070796 0.0325 0.05752212389380531
3 0.475 0.3473451327433628 0.06 0.05752212389380531
3 0.53375 0.06637168141592921 0.0375 0.05309734513274336
3 0.71875 0.33185840707964603 0.0625 0.09734513274336283
3 0.5575 0.2168141592920354 0.05 0.07964601769911504