6 0.1375 0.4424778761061947 0.065 0.10619469026548672
6 0.14375 0.3030973451327434 0.0575 0.084070796460177
3 0.2175 0.2831858407079646 0.05 0.07079646017699115
6 0.27625 0.34513274336283184 0.0475 0.07964601769911504
3 0.3075 0.2676991150442478 0.045 0.084070796460177
6 0.23625 0.19911504424778761 0.0525 0.09734513274336283
3 0.13 0.6261061946902655 0.05 0.14601769911504425
6 0.195 0.6836283185840708 0.075 0.14601769911504425
6 0.265 0.7942477876106194 0.075 0.15486725663716813
3 0.37125 0.8716814159292036 0.0975 0.18584070796460178
3 0.3725 0.5154867256637168 0.065 0.12831858407079647
3 0.37125 0.3495575221238938 0.0625 0.08849557522123894
6 0.36875 0.17920353982300885 0.0375 0.06637168141592921
3 0.46375 0.1902654867256637 0.0425 0.09734513274336283
3 0.445 0.24557522123893805 0.03 0.084070796460177
3 0.51125 0.18805309734513273 0.0425 0.084070796460177
6 0.5725 0.13716814159292035 0.04 0.07964601769911504
6 0.62125 0.21017699115044247 0.0625 0.11061946902654868
3 0.465 0.45132743362831856 0.055 0.10619469026548672
3 0.4575 0.6261061946902655 0.065 0.10176991150442478
3 0.56375 0.5110619469026548 0.0625 0.12831858407079647
6 0.48375 0.8008849557522124 0.0425 0.10619469026548672
6 0.43375 0.838495575221239 0.0425 0.15486725663716813
3 0.6175 0.9048672566371682 0.09 0.16371681415929204
3 0.645 0.5619469026548672 0.07 0.12389380530973451
3 0.70375 0.7876106194690266 0.0525 0.1504424778761062
3 0.68 0.4092920353982301 0.05 0.09292035398230089
3 0.75875 0.5287610619469026 0.0575 0.11061946902654868
6 0.68 0.12389380530973451 0.05 0.08849557522123894
6 0.6775 0.24336283185840707 0.04 0.061946902654867256
6 0.7275 0.15265486725663716 0.045 0.0752212389380531
3 0.82 0.11946902654867257 0.035 0.07964601769911504
6 0.7625 0.25663716814159293 0.045 0.07964601769911504
3 0.84 0.5088495575221239 0.07 0.07964601769911504
6 0.8925 0.7433628318584071 0.08 0.12389380530973451
5 0.87875 0.6172566371681416 0.14 0.1592920353982301
5 0.6175 0.7853982300884956 0.1575 0.1592920353982301
5 0.3625 0.7367256637168141 0.1325 0.1504424778761062
5 0.37625 0.4469026548672566 0.1025 0.19911504424778761
5 0.19625 0.5951327433628318 0.12 0.1902654867256637
5 0.2325 0.49336283185840707 0.095 0.13716814159292035
5 0.135 0.4026548672566372 0.1075 0.15486725663716813
5 0.04125 0.26327433628318586 0.06 0.1592920353982301
5 0.13875 0.2588495575221239 0.0775 0.1504424778761062
5 0.1625 0.12168141592920353 0.0775 0.11061946902654868
5 0.84125 0.41150442477876104 0.1125 0.1415929203539823
5 0.925 0.5066371681415929 0.1175 0.18584070796460178
5 0.75125 0.4823008849557522 0.0725 0.1504424778761062
5 0.67875 0.34513274336283184 0.08 0.1504424778761062
5 0.55625 0.46238938053097345 0.105 0.2079646017699115
5 0.65875 0.49336283185840707 0.1075 0.1902654867256637
5 0.54125 0.23672566371681417 0.07 0.11061946902654868
5 0.30375 0.1902654867256637 0.0675 0.084070796460177
5 0.29 0.4358407079646018 0.1125 0.168141592920354
5 0.36375 0.27654867256637167 0.105 0.09734513274336283
5 0.62625 0.1415929203539823 0.0825 0.13716814159292035
5 0.76375 0.2323008849557522 0.1 0.17256637168141592
5 0.72875 0.09513274336283185 0.0725 0.09292035398230089
5 0.31875 0.13053097345132744 0.0825 0.10619469026548672
5 0.2425 0.12168141592920353 0.0725 0.10176991150442478
5 0.26125 0.6991150442477876 0.1175 0.16371681415929204
5 0.3725 0.6349557522123894 0.125 0.11061946902654868
5 0.4675 0.6128318584070797 0.13 0.28761061946902655
5 0.48125 0.7101769911504425 0.09 0.13274336283185842