3 0.16625 0.33849557522123896 0.0475 0.06637168141592921
3 0.88125 0.24557522123893805 0.0425 0.06637168141592921
3 0.7125 0.3805309734513274 0.055 0.07964601769911504
3 0.405 0.2942477876106195 0.045 0.05752212389380531
3 0.9375 0.26548672566371684 0.05 0.07079646017699115
3 0.76125 0.2610619469026549 0.0425 0.07079646017699115
3 0.34875 0.3185840707964602 0.0575 0.07079646017699115
3 0.61125 0.32079646017699115 0.0375 0.05752212389380531
3 0.4725 0.2809734513274336 0.035 0.05752212389380531
3 0.65375 0.3584070796460177 0.0375 0.061946902654867256
3 0.56125 0.28761061946902655 0.0475 0.07079646017699115
3 0.07875 0.2809734513274336 0.0525 0.084070796460177
3 0.29625 0.23672566371681417 0.0325 0.048672566371681415
3 0.4425 0.5265486725663717 0.07 0.07964601769911504
3 0.52375 0.2809734513274336 0.0325 0.05752212389380531
3 0.36375 0.23893805309734514 0.0275 0.04424778761061947