3 0.145 0.3913857677902622 0.1 0.11610486891385768
3 0.50375 0.20224719101123595 0.0825 0.0898876404494382
3 0.0425 0.3295880149812734 0.06 0.06741573033707865
3 0.90875 0.45692883895131087 0.0475 0.0599250936329588
3 0.24625 0.4044943820224719 0.0525 0.0599250936329588
3 0.69875 0.44756554307116103 0.0525 0.06367041198501873
3 0.55625 0.26217228464419473 0.0275 0.06741573033707865
3 0.825 0.34269662921348315 0.105 0.13108614232209737
3 0.7575 0.4419475655430712 0.035 0.03745318352059925
3 0.04375 0.4756554307116105 0.0575 0.0599250936329588
3 0.247725 0.3047191011235955 0.05 0.06808988764044943
3 0.92955 0.3668539325842697 0.038625 0.056179775280898875