3 0.055075000000000006 0.1479111111111111 0.100775 0.09862222222222222
3 0.17305 0.17151111111111111 0.09609999999999999 0.09862222222222222
3 0.191025 0.4305777777777778 0.08515 0.12777777777777777
3 0.32032499999999997 0.4722222222222222 0.1 0.09168888888888889
3 0.099225 0.7729333333333334 0.10625 0.09026666666666666
3 0.28985 0.7986222222222222 0.109375 0.10555555555555556
3 0.52345 0.6409777777777778 0.12342499999999999 0.1375111111111111
3 0.5297 0.9243111111111111 0.089075 0.12084444444444445
3 0.7332 0.7986222222222222 0.082025 0.13613333333333333
3 0.8183499999999999 0.9402666666666667 0.09609999999999999 0.11946666666666667
3 0.83595 0.6375111111111111 0.0922 0.13057777777777776
3 0.94415 0.7312444444444445 0.08985 0.12915555555555555
3 0.965625 0.4361333333333333 0.06875 0.13333333333333333
3 0.84375 0.3375111111111111 0.0875 0.14724444444444446
3 0.9683499999999999 0.19373333333333334 0.063275 0.08195555555555556