3 0.9025 0.5 0.045 0.09333333333333334
3 0.70125 0.18666666666666668 0.0425 0.08
3 0.4925 0.5933333333333334 0.045 0.08444444444444445
3 0.07625 0.28 0.0525 0.08
3 0.33 0.34444444444444444 0.045 0.08444444444444445
3 0.4125 0.24 0.04 0.08
6 0.26 0.9688888888888889 0.045 0.06222222222222222
6 0.58125 0.8466666666666667 0.0375 0.08444444444444445
5 0.07875 0.2111111111111111 0.0725 0.08444444444444445
5 0.32375 0.28444444444444444 0.065 0.07111111111111111
5 0.4075 0.16444444444444445 0.075 0.06222222222222222
5 0.24625 0.9155555555555556 0.0825 0.10666666666666667
5 0.55375 0.8355555555555556 0.0875 0.19555555555555557
5 0.48125 0.5533333333333333 0.0825 0.1288888888888889
5 0.91375 0.44 0.0825 0.09333333333333334
4 0.02625 0.64 0.0375 0.08888888888888889
4 0.1675 0.6177777777777778 0.05 0.09777777777777778
4 0.25 0.6288888888888889 0.045 0.06666666666666667
4 0.23625 0.09333333333333334 0.0375 0.05333333333333334
4 0.28875 0.057777777777777775 0.0675 0.07111111111111111
4 0.17875 0.06666666666666667 0.0375 0.08888888888888889
4 0.815 0.8222222222222222 0.035 0.09333333333333334
4 0.46625 0.44 0.04 0.06222222222222222
4 0.3925 0.41333333333333333 0.05 0.09777777777777778