3 0.15375 0.31647940074906367 0.0475 0.056179775280898875
3 0.275 0.26217228464419473 0.04 0.052434456928838954
3 0.7075 0.30337078651685395 0.04 0.0599250936329588
3 0.395 0.3782771535580524 0.045 0.052434456928838954
3 0.90125 0.3202247191011236 0.0375 0.056179775280898875
3 0.0825 0.28277153558052437 0.045 0.056179775280898875
3 0.835 0.28651685393258425 0.045 0.06367041198501873
3 0.415 0.24719101123595505 0.045 0.0599250936329588
3 0.5925 0.23595505617977527 0.03 0.052434456928838954
3 0.6575 0.2846441947565543 0.02 0.052434456928838954
3 0.54625 0.22284644194756553 0.0425 0.056179775280898875