3 0.84875 0.17228464419475656 0.0625 0.09737827715355805
3 0.0925 0.20973782771535582 0.05 0.06741573033707865
3 0.64625 0.19850187265917604 0.0475 0.0749063670411985
3 0.71125 0.299625468164794 0.0325 0.052434456928838954
6 0.93875 0.301498127340824 0.0475 0.07865168539325842
6 0.48 0.20037453183520598 0.055 0.10112359550561797
6 0.11875 0.28277153558052437 0.0575 0.09363295880149813
6 0.025 0.20411985018726592 0.045 0.07116104868913857
6 0.1975 0.29775280898876405 0.055 0.08614232209737828
6 0.23625 0.23595505617977527 0.0375 0.0599250936329588
6 0.365 0.24719101123595505 0.045 0.0599250936329588
6 0.60375 0.21910112359550563 0.0425 0.06367041198501873
6 0.72625 0.15730337078651685 0.0475 0.06741573033707865
5 0.02875 0.14606741573033707 0.0575 0.0898876404494382
5 0.10375 0.17790262172284643 0.0575 0.07116104868913857
5 0.19625 0.2940074906367041 0.09 0.20599250936329588
5 0.46625 0.11610486891385768 0.0725 0.0898876404494382
5 0.36125 0.2640449438202247 0.0875 0.1947565543071161
5 0.345 0.15543071161048688 0.0625 0.056179775280898875
5 0.35375 0.10299625468164794 0.0625 0.07116104868913857
5 0.54875 0.22284644194756553 0.0525 0.10112359550561797
5 0.59375 0.16853932584269662 0.06 0.06367041198501873
5 0.65 0.14606741573033707 0.075 0.09737827715355805
5 0.84125 0.10674157303370786 0.1075 0.06741573033707865
5 0.9475 0.299625468164794 0.105 0.20224719101123595
4 0.95375 0.5842696629213483 0.0575 0.08614232209737828
4 0.79125 0.4044943820224719 0.0575 0.08239700374531835
4 0.535 0.41385767790262173 0.05 0.09363295880149813
4 0.38625 0.6610486891385767 0.0525 0.07116104868913857
4 0.19125 0.4850187265917603 0.0475 0.06741573033707865
4 0.32 0.41198501872659177 0.05 0.0599250936329588
5 0.705 0.2902621722846442 0.065 0.16853932584269662
5 0.7225 0.14232209737827714 0.08 0.12734082397003746
5 0.24125 0.24344569288389514 0.0775 0.20224719101123595
5 0.81 0.04868913857677903 0.085 0.09737827715355805
3 0.81625 0.0599250936329588 0.0475 0.052434456928838954