3 0.2457 0.22582089552238807 0.051725 0.07847014925373134
3 0.1319 0.20906716417910448 0.037925 0.0682089552238806
3 0.426725 0.12865671641791043 0.06035 0.10294776119402985
3 0.48835 0.16597014925373132 0.0319 0.05145522388059701
3 0.56035 0.1865671641791045 0.065525 0.06947761194029851
3 0.63275 0.3744029850746269 0.06724999999999999 0.07205223880597014
3 0.6827500000000001 0.1569776119402985 0.06035 0.09007462686567165
3 0.767675 0.21100746268656714 0.05775 0.06690298507462686
3 0.83405 0.22772388059701493 0.033624999999999995 0.04888059701492537
3 0.87845 0.23223880597014926 0.055175 0.05791044776119403
3 0.9737 0.16018656716417912 0.052575000000000004 0.10421641791044776