3 0.69875 0.5593525179856115 0.0275 0.03237410071942446
3 0.4125 0.9424460431654677 0.035 0.04316546762589928
3 0.75125 0.9190647482014388 0.0425 0.046762589928057555
3 0.945 0.6133093525179856 0.025 0.03237410071942446
3 0.90625 0.8093525179856115 0.0325 0.03597122302158273
3 0.5475 0.8758992805755396 0.035 0.039568345323741004
3 0.40875 0.7140287769784173 0.0275 0.03237410071942446
3 0.24625 0.9514388489208633 0.0375 0.046762589928057555
3 0.32375 0.7823741007194245 0.0325 0.039568345323741004
3 0.48375 0.37050359712230213 0.0225 0.02877697841726619
3 0.90375 0.9820143884892086 0.0425 0.02877697841726619
3 0.64625 0.8309352517985612 0.0325 0.03597122302158273
3 0.01625 0.48381294964028776 0.0225 0.025179856115107913
3 0.46875 0.5935251798561151 0.0225 0.02877697841726619
3 0.88125 0.3776978417266187 0.0225 0.02158273381294964
3 0.26125 0.40467625899280574 0.0225 0.025179856115107913
3 0.59375 0.5269784172661871 0.0275 0.025179856115107913
3 0.94125 0.7877697841726619 0.0275 0.03597122302158273
3 0.25875 0.6169064748201439 0.0225 0.03237410071942446
3 0.36625 0.29676258992805754 0.0225 0.025179856115107913
3 0.375 0.6294964028776978 0.025 0.02877697841726619
3 0.29 0.5701438848920863 0.025 0.03237410071942446
3 0.715 0.4676258992805755 0.025 0.02877697841726619
3 0.07125 0.4658273381294964 0.0225 0.025179856115107913
3 0.12625 0.37589928057553956 0.0175 0.025179856115107913
3 0.604475 0.4040287769784172 0.028575 0.02697841726618705