3 0.7146250000000001 0.8055056179775281 0.055425 0.08078651685393258
3 0.80135 0.5580149812734083 0.04795 0.07449438202247191
3 0.5509000000000001 0.4980898876404495 0.047025 0.06876404494382023
3 0.56615 0.20861423220973785 0.0418 0.046254681647940075
3 0.522975 0.15161048689138576 0.03405 0.0749063670411985
3 0.84165 0.12269662921348314 0.05235 0.05389513108614232
3 0.902775 0.5047565543071162 0.046 0.05715355805243445
3 0.7728499999999999 0.3892883895131086 0.045700000000000005 0.0651685393258427
3 0.59875 0.41172284644194757 0.052975 0.07213483146067416
3 0.3251 0.5125842696629214 0.050199999999999995 0.06925093632958801
3 0.438975 0.5715730337078653 0.054150000000000004 0.08378277153558053
3 0.381475 0.8264044943820225 0.05345 0.07265917602996254
3 0.2563 0.8791760299625468 0.055475000000000003 0.07116104868913857
3 0.128825 0.8076404494382022 0.06 0.05647940074906367
3 0.14995 0.9398876404494382 0.061799999999999994 0.08917602996254681
3 0.9538 0.7512734082397003 0.048075 0.06501872659176029
3 0.9148499999999999 0.6875280898876405 0.0321 0.08382022471910112
3 0.5918249999999999 0.11910112359550562 0.03125 0.05269662921348315
3 0.637175 0.26 0.045774999999999996 0.059850187265917607
3 0.657875 0.1900374531835206 0.034249999999999996 0.05543071161048689
3 0.280675 0.16310861423220974 0.03995 0.05157303370786517
3 0.31225 0.09056179775280898 0.04115 0.06340823970037453
3 0.3042 0.23149812734082398 0.0346 0.06707865168539326
3 0.14795 0.1746816479400749 0.0398 0.05685393258426966
3 0.070675 0.08224719101123595 0.0461 0.06464419475655431
3 0.147 0.05940074906367041 0.039224999999999996 0.07243445692883894
3 0.18030000000000002 0.6133333333333333 0.060625 0.07101123595505618
3 0.1702 0.5220599250936329 0.050075 0.0703370786516854
3 0.238575 0.310936329588015 0.05335 0.06543071161048689
3 0.065525 0.21131086142322097 0.057074999999999994 0.0552434456928839