3 0.021625000000000002 0.10193333333333333 0.043274999999999994 0.052566666666666664
3 0.122125 0.11346666666666666 0.05 0.057699999999999994
3 0.177875 0.20383333333333334 0.040374999999999994 0.07436666666666666
3 0.20864999999999997 0.14229999999999998 0.034624999999999996 0.0436
3 0.08654999999999999 0.20576666666666665 0.05 0.0705
3 0.28605 0.22883333333333336 0.052875 0.05513333333333333
3 0.32885 0.14423333333333335 0.038450000000000005 0.06283333333333334
3 0.37979999999999997 0.2109 0.048075 0.07306666666666667
3 0.47307499999999997 0.12179999999999999 0.06155 0.05383333333333333
3 0.373075 0.04616666666666667 0.03655 0.04873333333333333
3 0.29135 0.0314 0.044225 0.04486666666666667
3 0.447125 0.05513333333333333 0.030775 0.04616666666666667
3 0.51395 0.05706666666666667 0.035575 0.05513333333333333
3 0.6423000000000001 0.0641 0.044225 0.061533333333333336
3 0.7447 0.06603333333333333 0.039425 0.057699999999999994
3 0.812025 0.0654 0.047125 0.0641
3 0.7928000000000001 0.16283333333333333 0.047125 0.058966666666666674
3 0.6971250000000001 0.18206666666666665 0.038450000000000005 0.056400000000000006
3 0.90625 0.19616666666666668 0.0452 0.061533333333333336
3 0.98125 0.21026666666666666 0.0375 0.061533333333333336
3 0.968275 0.3564 0.06344999999999999 0.061533333333333336
3 0.81345 0.325 0.048075 0.052566666666666664
3 0.7283750000000001 0.31666666666666665 0.0625 0.056400000000000006
3 0.6452 0.30513333333333337 0.05 0.0718
3 0.539425 0.25126666666666664 0.046150000000000004 0.0641
3 0.4827 0.26603333333333334 0.051925 0.0654
3 0.350475 0.43206666666666665 0.064425 0.06666666666666667
3 0.46395000000000003 0.48396666666666666 0.060575000000000004 0.06283333333333334
3 0.572125 0.4948666666666667 0.065375 0.056400000000000006
3 0.8452 0.5115333333333334 0.044225 0.061533333333333336
3 0.6577 0.6570666666666667 0.073075 0.07563333333333334
3 0.800475 0.7615333333333334 0.07212500000000001 0.07693333333333333
3 0.50625 0.9051333333333335 0.0625 0.09230000000000001
3 0.33270000000000005 0.8602666666666666 0.065375 0.08973333333333335
3 0.21780000000000002 0.8307666666666667 0.0702 0.08206666666666668
3 0.090375 0.8307666666666667 0.076925 0.08206666666666668
3 0.12115000000000001 0.5775666666666667 0.065375 0.0705
3 0.187975 0.5813999999999999 0.0452 0.0705
3 0.40625 0.6487333333333334 0.056725000000000005 0.0641
3 0.134125 0.3936 0.047125 0.05126666666666667
3 0.25577500000000003 0.42883333333333334 0.046150000000000004 0.047433333333333334
3 0.023075000000000002 0.39616666666666667 0.040374999999999994 0.0641
3 0.021625000000000002 0.19423333333333334 0.04135 0.06283333333333334