3 0.2875 0.5466666666666666 0.12 0.12666666666666668
3 0.54125 0.455 0.0525 0.06333333333333334
3 0.82375 0.455 0.0525 0.05
3 0.055 0.5983333333333334 0.07 0.09
3 0.4425 0.46 0.04 0.04666666666666667
3 0.4 0.39 0.025 0.03333333333333333
3 0.0825 0.435 0.035 0.043333333333333335
3 0.9875 0.47 0.02 0.05333333333333334
3 0.23125 0.36666666666666664 0.0225 0.02666666666666667
3 0.7 0.3933333333333333 0.025 0.02666666666666667
3 0.89 0.405 0.02 0.023333333333333334
3 0.12 0.3983333333333333 0.02 0.023333333333333334