3 0.59625 0.6466666666666666 0.1475 0.2088888888888889
3 0.3425 0.6977777777777778 0.11 0.16
3 0.13375 0.38666666666666666 0.0975 0.13333333333333333
3 0.82375 0.78 0.1325 0.21777777777777776
3 0.26375 0.2 0.0425 0.06222222222222222
3 0.74625 0.5888888888888889 0.0775 0.1288888888888889
3 0.4925 0.45555555555555555 0.04 0.10222222222222223
3 0.03125 0.22 0.0525 0.09333333333333334
3 0.79125 0.21555555555555556 0.0475 0.057777777777777775
3 0.89625 0.2733333333333333 0.0325 0.07555555555555556
3 0.68375 0.3844444444444444 0.0525 0.06666666666666667
3 0.4425 0.6644444444444444 0.08 0.08444444444444445
3 0.12125 0.14 0.0375 0.04888888888888889
3 0.1725 0.20666666666666667 0.035 0.06666666666666667
3 0.05 0.41333333333333333 0.075 0.05333333333333334
3 0.84625 0.29333333333333333 0.0625 0.08888888888888889