3 0.395 0.3253012048192771 0.055 0.07228915662650602
3 0.31375 0.3152610441767068 0.0525 0.06827309236947791
3 0.94125 0.25301204819277107 0.0525 0.08032128514056225
3 0.1075 0.26305220883534136 0.06 0.08433734939759036
3 0.57375 0.26506024096385544 0.0525 0.08032128514056225
3 0.51 0.2991967871485944 0.06 0.07630522088353414
3 0.045 0.2751004016064257 0.05 0.07630522088353414
3 0.69 0.29518072289156627 0.045 0.060240963855421686
3 0.83875 0.26305220883534136 0.0625 0.08433734939759036
3 0.75 0.2991967871485944 0.03 0.07630522088353414
3 0.3425 0.20682730923694778 0.05 0.06827309236947791
3 0.4475 0.24497991967871485 0.06 0.07228915662650602
3 0.9875 0.3855421686746988 0.02 0.05622489959839357
3 0.195 0.3092369477911647 0.02 0.05622489959839357
3 0.23875 0.3634538152610442 0.0525 0.06827309236947791
3 0.1575 0.29116465863453816 0.04 0.03614457831325301
3 0.277025 0.16 0.057249999999999995 0.07642570281124499