3 0.029750000000000002 0.23764044943820226 0.043975 0.05940074906367041
3 0.12285 0.26928838951310863 0.043975 0.047790262172284645
3 0.2638 0.2667041198501872 0.05345 0.06071161048689139
3 0.303025 0.21310861423220973 0.07155 0.0645692883895131
3 0.36292499999999994 0.30284644194756555 0.0431 0.06846441947565543
3 0.39612499999999995 0.2989887640449438 0.033624999999999995 0.07363295880149813
3 0.44225000000000003 0.3164044943820225 0.065525 0.09558052434456929
3 0.541375 0.31254681647940075 0.06724999999999999 0.09558052434456929
3 0.61725 0.35258426966292133 0.058625 0.09041198501872659
3 0.685775 0.36161048689138575 0.069825 0.10074906367041198
3 0.846975 0.4261797752808989 0.10085000000000001 0.13172284644194757