3 0.38625 0.4688888888888889 0.0575 0.12
3 0.38375 0.26222222222222225 0.0775 0.07111111111111111
3 0.6475 0.6777777777777778 0.06 0.15555555555555556
3 0.58 0.5333333333333333 0.04 0.13333333333333333
3 0.6975 0.2644444444444444 0.025 0.04888888888888889
6 0.26625 0.24444444444444444 0.0325 0.05333333333333334
6 0.085 0.24 0.02 0.035555555555555556
6 0.51 0.22 0.025 0.057777777777777775
6 0.755 0.20222222222222222 0.02 0.057777777777777775
6 0.57875 0.4 0.0375 0.06222222222222222
3 0.89375 0.34444444444444444 0.0275 0.04
6 0.93625 0.37333333333333335 0.0375 0.07111111111111111
6 0.94125 0.4955555555555556 0.0275 0.10222222222222223
6 0.9675 0.36444444444444446 0.03 0.05333333333333334
5 0.1425 0.16444444444444445 0.0575 0.10222222222222223
5 0.095 0.2088888888888889 0.0425 0.06666666666666667
5 0.28375 0.22 0.06 0.08444444444444445
5 0.38 0.13777777777777778 0.1275 0.17777777777777778
5 0.5125 0.18444444444444444 0.05 0.05333333333333334
5 0.71125 0.24888888888888888 0.0675 0.12
5 0.76875 0.18444444444444444 0.055 0.10666666666666667
5 0.9475 0.18444444444444444 0.06 0.08888888888888889
5 0.89 0.32222222222222224 0.0425 0.07111111111111111
5 0.985 0.28444444444444444 0.03 0.06666666666666667
5 0.9425 0.33555555555555555 0.0425 0.057777777777777775
5 0.96375 0.5 0.0725 0.27111111111111114
5 0.9475 0.7977777777777778 0.105 0.40444444444444444
5 0.63125 0.35555555555555557 0.0675 0.06222222222222222
5 0.57125 0.36 0.075 0.11555555555555555
5 0.605 0.4666666666666667 0.1 0.16444444444444445
1 0.52375 0.5266666666666666 0.105 0.12444444444444444
5 0.68375 0.6066666666666667 0.0875 0.24444444444444444
5 0.76125 0.5711111111111111 0.095 0.21777777777777776
5 0.37125 0.35777777777777775 0.1175 0.1688888888888889
4 0.475 0.78 0.0575 0.1111111111111111
4 0.62125 0.7955555555555556 0.0675 0.17333333333333334
4 0.89125 0.7088888888888889 0.055 0.08444444444444445
4 0.45 0.4911111111111111 0.065 0.12