3 0.07844999999999999 0.2305243445692884 0.048275 0.07104868913857677
3 0.18664999999999998 0.1149438202247191 0.0319 0.05940074906367041
3 0.252575 0.2808988764044944 0.051725 0.06846441947565543
3 0.371125 0.09104868913857678 0.028450000000000003 0.052958801498127345
3 0.407325 0.1504494382022472 0.040525000000000005 0.06329588014981273
3 0.4612 0.0846067415730337 0.044825 0.06329588014981273
3 0.515075 0.09363295880149813 0.042249999999999996 0.06846441947565543
3 0.51335 0.3661423220973783 0.05775 0.09168539325842696
3 0.6125 0.270561797752809 0.047424999999999995 0.07876404494382024
3 0.6672499999999999 0.13172284644194757 0.0362 0.04906367041198502
3 0.75 0.06198501872659176 0.03965 0.05164794007490636
3 0.956025 0.09426966292134832 0.03275 0.05940074906367041