3 0.36375 0.8915929203539823 0.1075 0.13716814159292035
3 0.46375 0.4690265486725664 0.0525 0.07079646017699115
3 0.37 0.5309734513274337 0.065 0.09734513274336283
3 0.5625 0.5243362831858407 0.065 0.09292035398230089
3 0.68 0.42035398230088494 0.055 0.07079646017699115
3 0.62125 0.9269911504424779 0.0825 0.11061946902654868
3 0.70375 0.7986725663716814 0.0525 0.11946902654867257
3 0.54875 0.3008849557522124 0.0475 0.061946902654867256
3 0.4575 0.6415929203539823 0.065 0.061946902654867256
3 0.75625 0.5442477876106194 0.0625 0.07964601769911504
3 0.64375 0.5752212389380531 0.0725 0.09734513274336283
3 0.21375 0.28761061946902655 0.0475 0.05309734513274336
3 0.8375 0.5132743362831859 0.07 0.07079646017699115
3 0.37125 0.36504424778761063 0.0575 0.03982300884955752
3 0.44375 0.252212389380531 0.0275 0.07079646017699115
3 0.1275 0.6438053097345132 0.05 0.10176991150442478
3 0.31375 0.28761061946902655 0.0375 0.07079646017699115
3 0.26 0.5973451327433629 0.025 0.061946902654867256
3 0.51125 0.19247787610619468 0.0375 0.048672566371681415
3 0.4675 0.19911504424778761 0.03 0.07079646017699115