3 0.32 0.704119850187266 0.035 0.0449438202247191
3 0.5975 0.5861423220973783 0.035 0.04119850187265917
3 0.525 0.7846441947565543 0.045 0.04868913857677903
3 0.0975 0.7378277153558053 0.04 0.052434456928838954
3 0.415 0.6835205992509363 0.03 0.04119850187265917
3 0.45625 0.6329588014981273 0.0325 0.0449438202247191
3 0.25875 0.7565543071161048 0.0375 0.03745318352059925
3 0.50375 0.7078651685393258 0.0375 0.0449438202247191
3 0.54625 0.601123595505618 0.0275 0.033707865168539325
3 0.35625 0.5880149812734082 0.0325 0.03745318352059925
3 0.615 0.49063670411985016 0.025 0.0299625468164794
3 0.1725 0.704119850187266 0.02 0.0299625468164794