3 0.085 0.23595505617977527 0.045 0.06741573033707865
3 0.18875 0.11797752808988764 0.0325 0.04868913857677903
3 0.25625 0.2846441947565543 0.0425 0.0599250936329588
3 0.37125 0.0898876404494382 0.0325 0.0449438202247191
3 0.415 0.14794007490636704 0.04 0.06367041198501873
3 0.51875 0.35767790262172283 0.0525 0.08614232209737828
3 0.45625 0.08426966292134831 0.0375 0.056179775280898875
3 0.52 0.09363295880149813 0.035 0.052434456928838954
3 0.62 0.26779026217228463 0.045 0.07116104868913857
3 0.6075 0.20973782771535582 0.035 0.052434456928838954
6 0.4225 0.07865168539325842 0.025 0.0299625468164794
6 0.59375 0.10299625468164794 0.0225 0.04119850187265917
3 0.6 0.04307116104868914 0.025 0.033707865168539325
3 0.66625 0.13670411985018727 0.0325 0.04119850187265917
6 0.63 0.026217228464419477 0.025 0.03745318352059925
6 0.6975 0.07865168539325842 0.025 0.0449438202247191
3 0.75 0.05805243445692884 0.03 0.04868913857677903
3 0.76875 0.06179775280898876 0.0125 0.033707865168539325
6 0.7275 0.054307116104868915 0.02 0.033707865168539325
6 0.8825 0.0599250936329588 0.03 0.03745318352059925
3 0.955 0.10112359550561797 0.03 0.0449438202247191
5 0.07875 0.18352059925093633 0.08 0.0898876404494382
5 0.26125 0.24157303370786518 0.075 0.06741573033707865
5 0.51375 0.30711610486891383 0.1 0.0749063670411985
5 0.6325 0.2209737827715356 0.0875 0.08239700374531835
5 0.1875 0.07116104868913857 0.065 0.052434456928838954
5 0.45375 0.03932584269662921 0.0525 0.03745318352059925
5 0.37625 0.08239700374531835 0.06 0.1198501872659176
4 0.69 0.5655430711610487 0.05 0.08614232209737828
4 0.47125 0.6292134831460674 0.0525 0.06367041198501873
4 0.38875 0.47191011235955055 0.0525 0.09737827715355805
4 0.19375 0.4232209737827715 0.0525 0.07865168539325842
4 0.1225 0.41385767790262173 0.0725 0.09363295880149813