3 0.1875 0.25206611570247933 0.095 0.1652892561983471
6 0.33125 0.30578512396694213 0.0675 0.10743801652892562
3 0.4525 0.29338842975206614 0.075 0.09917355371900827
3 0.58625 0.1962809917355372 0.0725 0.13636363636363635
3 0.69 0.33264462809917356 0.07 0.11983471074380166
6 0.7625 0.2975206611570248 0.065 0.11570247933884298
3 0.87375 0.6033057851239669 0.0775 0.12396694214876033
5 0.18375 0.15702479338842976 0.125 0.1322314049586777
5 0.33 0.256198347107438 0.1075 0.1322314049586777
5 0.46 0.19008264462809918 0.105 0.1322314049586777
5 0.58 0.1115702479338843 0.0975 0.11983471074380166
5 0.6625 0.30991735537190085 0.1375 0.26859504132231404
5 0.75875 0.20454545454545456 0.125 0.23553719008264462
5 0.88 0.5103305785123967 0.1275 0.10743801652892562
4 0.8025 0.9338842975206612 0.0475 0.08677685950413223
4 0.92875 0.6053719008264463 0.0625 0.1115702479338843
4 0.48875 0.41735537190082644 0.0975 0.08264462809917356
4 0.425 0.42768595041322316 0.0925 0.10743801652892562
5 0.10625 0.2396694214876033 0.04 0.1652892561983471
5 0.02875 0.29338842975206614 0.0575 0.21487603305785125
4 0.03875 0.6652892561983471 0.0625 0.0743801652892562