3 0.3975 0.4666666666666667 0.055 0.07111111111111111
3 0.45625 0.6466666666666666 0.0725 0.09333333333333334
3 0.20375 0.45555555555555555 0.0625 0.07555555555555556
3 0.6875 0.5133333333333333 0.035 0.04888888888888889
3 0.9375 0.7555555555555555 0.065 0.10666666666666667
3 0.84625 0.6755555555555556 0.1625 0.24888888888888888
3 0.03375 0.46 0.0375 0.04888888888888889
3 0.32 0.4888888888888889 0.035 0.044444444444444446
3 0.595 0.48 0.025 0.05333333333333334
3 0.25875 0.3511111111111111 0.0175 0.02666666666666667
3 0.08875 0.5533333333333333 0.0525 0.057777777777777775
3 0.11625 0.38222222222222224 0.0175 0.02666666666666667
3 0.64375 0.41333333333333333 0.0175 0.035555555555555556