3 0.0797 0.2222222222222222 0.06405 0.09444444444444444
3 0.259775 0.11875555555555554 0.0711 0.08195555555555556
3 0.482025 0.11595555555555556 0.064075 0.09026666666666666
3 0.494525 0.3104 0.059375 0.09862222222222222
3 0.2754 0.4007111111111111 0.06797500000000001 0.10973333333333334
3 0.048049999999999995 0.8652888888888889 0.0836 0.13333333333333333
3 0.130475 0.7534666666666666 0.065625 0.12915555555555555
2 0.174225 0.6465333333333333 0.057824999999999994 0.10693333333333332
3 0.375775 0.9284888888888889 0.075 0.1152888888888889
3 0.513275 0.6923555555555556 0.053125 0.12084444444444445
3 0.56485 0.7847111111111111 0.08595000000000001 0.13613333333333333
3 0.636725 0.3798666666666667 0.04845 0.10417777777777779
3 0.6581999999999999 0.1104 0.069525 0.12084444444444445
3 0.748825 0.11457777777777778 0.058600000000000006 0.10417777777777779
3 0.826575 0.03471111111111111 0.059375 0.06946666666666668
3 0.896875 0.20555555555555555 0.078125 0.12502222222222223
3 0.9316500000000001 0.5624888888888889 0.075775 0.11666666666666667