3 0.0830078125 0.2338235294117647 0.087890625 0.15
3 0.16796875 0.3911764705882353 0.140625 0.2
3 0.4033203125 0.36470588235294116 0.072265625 0.1
3 0.4375 0.21470588235294116 0.06640625 0.08235294117647059
3 0.458984375 0.2926470588235294 0.05859375 0.10882352941176471
3 0.5341796875 0.2661764705882353 0.115234375 0.16176470588235295
3 0.6787109375 0.2647058823529412 0.068359375 0.1
6 0.6484375 0.1264705882352941 0.046875 0.07058823529411765
6 0.740234375 0.20441176470588235 0.046875 0.07352941176470588
3 0.8125 0.27647058823529413 0.0703125 0.11764705882352941
3 0.8876953125 0.4441176470588235 0.111328125 0.15294117647058825
3 0.88671875 0.2426470588235294 0.0546875 0.07941176470588235
3 0.8603515625 0.12205882352941176 0.052734375 0.07352941176470588
5 0.0888671875 0.1323529411764706 0.125 0.12941176470588237
5 0.173828125 0.275 0.212890625 0.2323529411764706
5 0.3935546875 0.28088235294117647 0.109375 0.1264705882352941
5 0.53125 0.15735294117647058 0.169921875 0.17647058823529413
5 0.89453125 0.34852941176470587 0.134765625 0.1588235294117647
5 0.791015625 0.2426470588235294 0.111328125 0.19117647058823528