3 0.88125 0.2911111111111111 0.0425 0.06666666666666667
3 0.16625 0.3844444444444444 0.0475 0.06666666666666667
3 0.9375 0.31777777777777777 0.05 0.057777777777777775
3 0.405 0.34 0.045 0.057777777777777775
3 0.7125 0.4288888888888889 0.055 0.07555555555555556
3 0.3475 0.36666666666666664 0.06 0.07555555555555556
3 0.76125 0.30666666666666664 0.0425 0.07111111111111111
3 0.44125 0.5733333333333334 0.0725 0.08
3 0.6125 0.36666666666666664 0.04 0.057777777777777775
3 0.56125 0.3333333333333333 0.0475 0.07111111111111111
3 0.4725 0.3288888888888889 0.035 0.05333333333333334
3 0.65375 0.40444444444444444 0.0375 0.06222222222222222
3 0.5225 0.3244444444444444 0.035 0.06222222222222222
3 0.295 0.28 0.035 0.05333333333333334
3 0.07875 0.32666666666666666 0.0525 0.08444444444444445