3 0.77375 0.3539325842696629 0.0525 0.07116104868913857
3 0.20625 0.8295880149812734 0.1425 0.1760299625468165
3 0.47875 0.5149812734082397 0.0675 0.09363295880149813
3 0.42375 0.3857677902621723 0.0575 0.06741573033707865
3 0.95375 0.7303370786516854 0.0875 0.1947565543071161
3 0.30625 0.35580524344569286 0.0475 0.0449438202247191
3 0.88625 0.3801498127340824 0.0375 0.04868913857677903
3 0.61875 0.40262172284644193 0.0775 0.08614232209737828
3 0.86375 0.9101123595505618 0.1475 0.14232209737827714
3 0.95 0.45880149812734083 0.055 0.056179775280898875
3 0.23625 0.48314606741573035 0.0475 0.0599250936329588
3 0.11125 0.5711610486891385 0.1475 0.16853932584269662
3 0.76 0.601123595505618 0.1 0.13108614232209737
3 0.065 0.29775280898876405 0.03 0.04868913857677903
3 0.9525 0.352059925093633 0.04 0.03745318352059925
3 0.3825 0.3539325842696629 0.03 0.04119850187265917
3 0.68625 0.4250936329588015 0.0425 0.056179775280898875
3 0.13375 0.2902621722846442 0.0275 0.033707865168539325
3 0.7075 0.50187265917603 0.035 0.0749063670411985
3 0.20375 0.4737827715355805 0.0225 0.056179775280898875
3 0.31375 0.4850187265917603 0.0675 0.08614232209737828