6 0.06125 0.4850187265917603 0.0925 0.13857677902621723
6 0.08875 0.12359550561797752 0.0675 0.09737827715355805
3 0.1475 0.09176029962546817 0.055 0.09363295880149813
3 0.31125 0.04681647940074907 0.0575 0.08614232209737828
6 0.23 0.11797752808988764 0.07 0.10861423220973783
6 0.265 0.2846441947565543 0.045 0.0749063670411985
6 0.2175 0.4794007490636704 0.085 0.12734082397003746
6 0.15875 0.6423220973782772 0.1075 0.10861423220973783
3 0.2125 0.8782771535580525 0.13 0.2209737827715356
6 0.36 0.6610486891385767 0.14 0.16104868913857678
6 0.32625 0.3801498127340824 0.0925 0.12359550561797752
6 0.34625 0.13857677902621723 0.0725 0.0749063670411985
6 0.44 0.15355805243445692 0.065 0.0898876404494382
3 0.50125 0.11610486891385768 0.0725 0.09737827715355805
3 0.49 0.352059925093633 0.09 0.12734082397003746
6 0.57125 0.2640449438202247 0.0625 0.10112359550561797
6 0.63125 0.11423220973782772 0.0775 0.11610486891385768
6 0.73625 0.1104868913857678 0.0675 0.07865168539325842
6 0.74625 0.2696629213483146 0.0625 0.0898876404494382
3 0.6825 0.4288389513108614 0.1 0.15355805243445692
6 0.63625 0.6666666666666666 0.0925 0.12734082397003746
3 0.755 0.797752808988764 0.1 0.14232209737827714
3 0.83 0.5 0.09 0.13857677902621723
6 0.8675 0.14794007490636704 0.06 0.09363295880149813
6 0.0025 0 0 0
3 0.92625 0.31835205992509363 0.0725 0.09737827715355805
5 0.21625 0.6910112359550562 0.1575 0.14606741573033707
5 0.37375 0.8239700374531835 0.1675 0.21722846441947566
5 0.69875 0.8295880149812734 0.1675 0.1760299625468165
5 0.76625 0.6947565543071161 0.1375 0.16104868913857678
5 0.36375 0.5131086142322098 0.185 0.1797752808988764
5 0.07875 0.6048689138576779 0.1325 0.12734082397003746
5 0.0725 0.7509363295880149 0.085 0.18352059925093633
5 0.16625 0.49625468164794007 0.1475 0.14606741573033707
5 0.22 0.36142322097378277 0.135 0.19101123595505617
5 0.07125 0.36142322097378277 0.1325 0.1348314606741573
5 0.3825 0.3445692883895131 0.125 0.13857677902621723
5 0.48375 0.23782771535580524 0.125 0.13108614232209737
5 0.68625 0.32397003745318353 0.12 0.15355805243445692
5 0.8225 0.3801498127340824 0.0975 0.15355805243445692
5 0.6525 0.5393258426966292 0.1325 0.12359550561797752
5 0.63375 0.2247191011235955 0.0825 0.12359550561797752
5 0.7475 0.18726591760299627 0.075 0.09737827715355805
5 0.815 0.25842696629213485 0.0975 0.10861423220973783
5 0.84375 0.06741573033707865 0.12 0.10486891385767791
5 0.81375 0.15543071161048688 0.0825 0.10112359550561797
5 0.24 0.04119850187265917 0.08 0.08239700374531835
5 0.0925 0.04681647940074907 0.075 0.08614232209737828
5 0.1575 0.03932584269662921 0.07 0.07865168539325842
5 0.615 0.033707865168539325 0.085 0.06741573033707865
5 0.735 0.04681647940074907 0.105 0.09363295880149813
5 0.975 0.04119850187265917 0.05 0.0749063670411985
5 0.93 0.21722846441947566 0.13 0.10486891385767791
5 0.95 0.5149812734082397 0.1 0.13857677902621723
5 0.475 0.6591760299625468 0.08 0.12734082397003746
5 0.50375 0.031835205992509365 0.0825 0.06367041198501873
5 0.4425 0.08052434456928839 0.055 0.07865168539325842
5 0.1675 0.17228464419475656 0.09 0.09737827715355805
5 0.26375 0.21910112359550563 0.06 0.08614232209737828
5 0.3475 0.07677902621722846 0.095 0.07116104868913857
5 0.71625 0.9550561797752809 0.1525 0.0898876404494382