3 0.77625 0.27166666666666667 0.0575 0.07
3 0.285 0.07333333333333333 0.065 0.06
3 0.095 0.795 0.075 0.07666666666666666
3 0.8575 0.20166666666666666 0.055 0.05
3 0.15125 0.7333333333333333 0.0425 0.05333333333333334
3 0.5025 0.43666666666666665 0.06 0.05333333333333334
3 0.58125 0.8316666666666667 0.0775 0.07666666666666666
3 0.025 0.8866666666666667 0.05 0.1
3 0.36875 0.9416666666666667 0.0725 0.07
3 0.04625 0.35833333333333334 0.0575 0.06333333333333334
3 0.855 0.09 0.045 0.04
3 0.65875 0.49666666666666665 0.0525 0.06
3 0.67625 0.27166666666666667 0.0625 0.07666666666666666
3 0.96875 0.65 0.0575 0.06
3 0.51875 0.7583333333333333 0.0525 0.056666666666666664
3 0.5 0.14166666666666666 0.07 0.043333333333333335
3 0.4925 0.26166666666666666 0.075 0.07
3 0.2425 0.27 0.06 0.06
3 0.26125 0.5033333333333333 0.0725 0.06666666666666667
3 0.940475 0.34126666666666666 0.0762 0.07936666666666667
6 0.072625 0.48413333333333336 0.06905 0.06666666666666667
6 0.047625 0.045233333333333334 0.061900000000000004 0.07776666666666666
5 0.279175 0.43333333333333335 0.08927500000000001 0.10476666666666666
5 0.286925 0.021433333333333332 0.08095000000000001 0.042866666666666664
5 0.96785 0.5603 0.064275 0.10476666666666666
5 0.935125 0.26666666666666666 0.08927500000000001 0.10476666666666666
5 0.511325 0.0857 0.082125 0.06983333333333333
5 0.8613249999999999 0.0373 0.05595 0.06826666666666667
5 0.85595 0.14443333333333333 0.0738 0.07936666666666667
5 0.772025 0.20633333333333334 0.084525 0.0762
5 0.678575 0.20553333333333332 0.071425 0.08096666666666666
5 0.658925 0.4254 0.08927500000000001 0.10476666666666666
5 0.590475 0.7444333333333334 0.09759999999999999 0.08573333333333333
5 0.5268 0.6674333333333333 0.084525 0.09366666666666668
5 0.1399 0.6563333333333333 0.065475 0.0651
5 0.092275 0.7198333333333333 0.077375 0.07776666666666666
5 0.030950000000000002 0.8015666666666666 0.061900000000000004 0.10476666666666666
5 0.5006 0.2 0.077375 0.08573333333333333
5 0.08335000000000001 0.4166666666666667 0.0857 0.08413333333333332
5 0.041675000000000004 0.2952333333333333 0.0738 0.06983333333333333
5 0.24585 0.21109999999999998 0.060700000000000004 0.0762
5 0.5012 0.36823333333333336 0.071425 0.08253333333333333
5 0.379175 0.8650666666666667 0.08927500000000001 0.10476666666666666