3 0.09525 0.3164044943820225 0.07844999999999999 0.07749063670411986
3 0.026725 0.6005243445692884 0.05345 0.17307116104868914
3 0.350425 0.7116104868913857 0.137075 0.22730337078651686
3 0.4125 0.4836704119850187 0.09570000000000001 0.11752808988764045
3 0.6138 0.44426966292134834 0.105175 0.15239700374531834
3 0.52975 0.24666666666666667 0.047424999999999995 0.08782771535580525
3 0.34397500000000003 0.279625468164794 0.072425 0.07363295880149813
3 0.69655 0.31707865168539323 0.04655 0.07104868913857677
3 0.782325 0.4546067415730337 0.061200000000000004 0.08782771535580525
3 0.7918000000000001 0.2886516853932584 0.06292500000000001 0.07363295880149813
2 0.9323250000000001 0.2111610486891386 0.052575000000000004 0.05812734082397004
2 0.672425 0.21310861423220973 0.051725 0.08007490636704119