3 0.2675 0.1085972850678733 0.025 0.06334841628959276
3 0.2375 0.1515837104072398 0.04 0.06787330316742081
3 0.165 0.6357466063348416 0.08 0.14027149321266968
3 0.33875 0.5248868778280543 0.0625 0.12669683257918551
3 0.42 0.31447963800904977 0.055 0.11312217194570136
3 0.4025 0.03619909502262444 0.02 0.03619909502262444
3 0.45875 0.05429864253393665 0.0175 0.04524886877828054
3 0.5575 0.083710407239819 0.03 0.049773755656108594
3 0.54375 0.25339366515837103 0.0525 0.1085972850678733
3 0.57125 0.4276018099547511 0.0625 0.12217194570135746
3 0.65375 0.248868778280543 0.0575 0.1085972850678733
6 0.75 0.12895927601809956 0.03 0.058823529411764705
3 0.8125 0.16063348416289594 0.035 0.07692307692307693
3 0.78875 0.049773755656108594 0.0275 0.05429864253393665
3 0.8525 0.042986425339366516 0.035 0.058823529411764705
3 0.90125 0.06787330316742081 0.0325 0.04524886877828054
5 0.17125 0.5588235294117647 0.13 0.22171945701357465
5 0.36875 0.5271493212669683 0.1775 0.31221719457013575
5 0.42625 0.24434389140271492 0.0775 0.1085972850678733
5 0.2375 0.09276018099547512 0.055 0.07692307692307693
5 0.5475 0.19230769230769232 0.075 0.06787330316742081
5 0.66125 0.17420814479638008 0.08 0.09049773755656108
5 0.57375 0.334841628959276 0.0875 0.1085972850678733
5 0.66125 0.06334841628959276 0.0475 0.03619909502262444
4 0.35625 0.9547511312217195 0.085 0.09049773755656108
4 0.65125 0.753393665158371 0.0725 0.10407239819004525
4 0.23875 0.22171945701357465 0.0375 0.06334841628959276
4 0.21875 0.22171945701357465 0.0325 0.06334841628959276