3 0.34875 0.22 0.1075 0.16666666666666666
3 0.49875 0.2866666666666667 0.0425 0.06666666666666667
3 0.47125 0.4683333333333333 0.0725 0.10333333333333333
3 0.5575 0.4583333333333333 0.07 0.09
3 0.53375 0.6616666666666666 0.0975 0.11666666666666667
6 0.7675 0.5383333333333333 0.1 0.11666666666666667
6 0.58 0.30666666666666664 0.03 0.04
6 0.40875 0.31 0.0425 0.06666666666666667
6 0.10125 0.24333333333333335 0.0425 0.10666666666666667
6 0.98125 0.2833333333333333 0.0375 0.05333333333333334
4 0.105 0.9016666666666666 0.13 0.19666666666666666
4 0.4375 0.7833333333333333 0.045 0.10666666666666667
4 0.4625 0.845 0.09 0.09333333333333334
4 0.65875 0.7916666666666666 0.1 0.12
4 0.66625 0.7016666666666667 0.0625 0.11
4 0.835 0.7483333333333333 0.0825 0.12333333333333334
5 0.77625 0.45666666666666667 0.16 0.12
5 0.55 0.39166666666666666 0.11 0.08333333333333333
5 0.20375 0.2633333333333333 0.085 0.07333333333333333