3 0.16625 0.3224489795918367 0.0475 0.05714285714285714
3 0.88125 0.24489795918367346 0.0425 0.05714285714285714
3 0.7125 0.363265306122449 0.055 0.0653061224489796
3 0.9375 0.2612244897959184 0.05 0.0653061224489796
3 0.08375 0.27755102040816326 0.0425 0.0653061224489796
3 0.405 0.2857142857142857 0.045 0.04897959183673469
3 0.355 0.31020408163265306 0.045 0.0653061224489796
3 0.76125 0.2612244897959184 0.0425 0.05714285714285714
3 0.44125 0.48367346938775513 0.0725 0.06938775510204082
3 0.56125 0.2836734693877551 0.0475 0.061224489795918366
3 0.61125 0.31020408163265306 0.0375 0.04897959183673469
3 0.47375 0.2795918367346939 0.0325 0.044897959183673466
3 0.295 0.23877551020408164 0.035 0.044897959183673466
3 0.6525 0.3408163265306122 0.035 0.053061224489795916
3 0.525 0.27755102040816326 0.03 0.04897959183673469