3 0.765 0.4681647940074906 0.08 0.0898876404494382
3 0.24625 0.5674157303370787 0.0575 0.06367041198501873
3 0.37625 0.8202247191011236 0.0775 0.10486891385767791
3 0.12 0.6161048689138576 0.07 0.07865168539325842
3 0.5325 0.3970037453183521 0.045 0.052434456928838954
3 0.56 0.2640449438202247 0.04 0.04119850187265917
3 0.47 0.4794007490636704 0.06 0.06741573033707865
3 0.1575 0.44756554307116103 0.04 0.04868913857677903
3 0.4625 0.2303370786516854 0.025 0.04119850187265917
3 0.3525 0.4232209737827715 0.05 0.0449438202247191
3 0.62625 0.35767790262172283 0.0275 0.04119850187265917
3 0.15125 0.25842696629213485 0.0275 0.0299625468164794
3 0.30875 0.2640449438202247 0.0275 0.033707865168539325
3 0.1475 0.36891385767790263 0.03 0.026217228464419477
3 0.0975 0.3464419475655431 0.02 0.033707865168539325
3 0.3125 0.5355805243445693 0.04 0.0449438202247191