3 0.43875 0.2822966507177033 0.0375 0.05741626794258373
3 0.3325 0.2535885167464115 0.035 0.05741626794258373
3 0.1375 0.291866028708134 0.04 0.05741626794258373
3 0.565 0.2703349282296651 0.035 0.05263157894736842
3 0.03 0.284688995215311 0.045 0.06220095693779904
3 0.27625 0.20813397129186603 0.0325 0.05263157894736842
3 0.95125 0.3229665071770335 0.0425 0.05263157894736842
3 0.22875 0.3038277511961722 0.0425 0.05263157894736842
3 0.7425 0.3062200956937799 0.035 0.05741626794258373
3 0.8375 0.35645933014354064 0.04 0.0430622009569378
3 0.6525 0.3157894736842105 0.035 0.04784688995215311