3 0.51875 0.7078651685393258 0.1025 0.11235955056179775
3 0.18 0.6404494382022472 0.095 0.10486891385767791
3 0.7875 0.7340823970037453 0.105 0.1198501872659176
3 0.95625 0.5468164794007491 0.0625 0.06741573033707865
3 0.075 0.5093632958801498 0.06 0.0599250936329588
3 0.38625 0.49625468164794007 0.0425 0.07865168539325842
3 0.2675 0.5955056179775281 0.04 0.06741573033707865
3 0.5175 0.48314606741573035 0.055 0.052434456928838954
3 0.12 0.41760299625468167 0.035 0.04119850187265917
3 0.61125 0.3970037453183521 0.0325 0.0449438202247191
3 0.56375 0.49625468164794007 0.0425 0.056179775280898875
3 0.37625 0.39325842696629215 0.0425 0.052434456928838954
3 0.3525 0.5393258426966292 0.05 0.0449438202247191
6 0.8358 0.5286142322097378 0.073875 0.1106741573033708
6 0.441475 0.5737078651685393 0.060225 0.09531835205992509