3 0.50375 0.6171171171171171 0.1625 0.22522522522522523
3 0.94 0.2957957957957958 0.12 0.19519519519519518
6 0.0475 0.4774774774774775 0.09 0.13813813813813813
6 0.8375 0.6936936936936937 0.09 0.1021021021021021
6 0.74125 0.25225225225225223 0.1075 0.13813813813813813
6 0.10375 0.3843843843843844 0.0675 0.11411411411411411
6 0.855 0.3333333333333333 0.07 0.14414414414414414
5 0.55375 0.46996996996997 0.275 0.2222222222222222
5 0.7725 0.16066066066066065 0.1825 0.14414414414414414
5 0.8825 0.5855855855855856 0.225 0.23123123123123124
5 0.9375 0.17867867867867868 0.125 0.15915915915915915
5 0.855 0.22372372372372373 0.1675 0.11411411411411411
5 0.07375 0.2747747747747748 0.1475 0.0990990990990991
5 0.04875 0.36486486486486486 0.0975 0.1111111111111111
4 0.86875 0.7747747747747747 0.135 0.09309309309309309
4 0.68 0.35285285285285284 0.0875 0.12012012012012012