3 0.081475 0.3151310861423221 0.054299999999999994 0.06715355805243446
3 0.1487 0.28992509363295876 0.040525000000000005 0.06071161048689139
3 0.266375 0.32805243445692883 0.055175 0.05940074906367041
3 0.2 0.25183520599250936 0.029300000000000003 0.038726591760299627
3 0.502575 0.258314606741573 0.08102499999999999 0.10850187265917603
3 0.41767499999999996 0.32220973782771534 0.054299999999999994 0.07617977528089888
3 0.60085 0.24666666666666667 0.044825 0.07749063670411986
3 0.766375 0.28606741573033706 0.051725 0.06329588014981273
3 0.850425 0.32805243445692883 0.037075 0.05940074906367041
3 0.9388 0.3054307116104869 0.03965 0.05812734082397004
3 0.694825 0.32220973782771534 0.034475 0.045205992509363295