3 0.29875 0.08163265306122448 0.0575 0.0653061224489796
3 0.5675 0.8306122448979592 0.07 0.07755102040816327
3 0.7475 0.27755102040816326 0.05 0.07346938775510205
3 0.4975 0.44081632653061226 0.055 0.05714285714285714
3 0.8225 0.20816326530612245 0.05 0.05714285714285714
3 0.04375 0.8877551020408163 0.0725 0.09387755102040816
3 0.63875 0.49795918367346936 0.0475 0.0653061224489796
3 0.17375 0.7346938775510204 0.0375 0.04897959183673469
3 0.37375 0.9408163265306122 0.0675 0.06938775510204082
3 0.12375 0.8 0.0625 0.07346938775510205
3 0.08375 0.3653061224489796 0.0425 0.061224489795918366
3 0.25875 0.27346938775510204 0.0525 0.0653061224489796
3 0.275 0.5061224489795918 0.065 0.0653061224489796
3 0.81875 0.09591836734693877 0.0425 0.044897959183673466
3 0.51125 0.7591836734693878 0.0475 0.05714285714285714
3 0.655 0.2755102040816326 0.06 0.07755102040816327
3 0.92875 0.6408163265306123 0.0725 0.08163265306122448
3 0.49375 0.1469387755102041 0.0625 0.04897959183673469
3 0.89375 0.3448979591836735 0.0625 0.07755102040816327
3 0.48625 0.2714285714285714 0.0675 0.061224489795918366