3 0.055 0.2835249042145594 0.07 0.05620689655172414
3 0.184575 0.25862068965517243 0.05582499999999999 0.06003831417624521
3 0.257925 0.26436781609195403 0.044175000000000006 0.06639846743295018
3 0.40582500000000005 0.2471264367816092 0.045 0.06770114942528736
3 0.457075 0.23436781609195403 0.034175 0.06513409961685823
3 0.48457500000000003 0.23563218390804597 0.024175 0.05747126436781609
3 0.50625 0.2803448275862069 0.0475 0.07022988505747126
3 0.569175 0.3544061302681992 0.051675000000000006 0.0906896551724138
3 0.6891750000000001 0.39206896551724135 0.065 0.12260536398467432
3 0.797075 0.3448275862068966 0.0725 0.08938697318007663
3 0.926675 0.4616858237547893 0.10832499999999999 0.11877394636015326
3 0.807925 0.18773946360153257 0.0375 0.06386973180076629