6 0.135 0.46629213483146065 0.06 0.11610486891385768
6 0.03 0.4307116104868914 0.05 0.0749063670411985
6 0.095 0.36142322097378277 0.04 0.06367041198501873
3 0.38375 0.4868913857677903 0.1025 0.1647940074906367
3 0.59625 0.449438202247191 0.0875 0.14232209737827714
6 0.79375 0.5411985018726592 0.0675 0.10112359550561797
6 0.22375 0.3389513108614232 0.0325 0.04119850187265917
6 0.43375 0.37265917602996257 0.0325 0.06367041198501873
5 0.1575 0.4044943820224719 0.11 0.10861423220973783
5 0.03375 0.36704119850187267 0.0675 0.0898876404494382
5 0.30875 0.28277153558052437 0.06 0.06367041198501873
5 0.41875 0.3089887640449438 0.0675 0.0749063670411985
5 0.35875 0.43258426966292135 0.1575 0.2546816479400749
5 0.59 0.43820224719101125 0.2725 0.38202247191011235
5 0.79 0.45318352059925093 0.1025 0.0749063670411985
5 0.885 0.6741573033707865 0.23 0.5056179775280899
4 0.6125 0.7490636704119851 0.115 0.15355805243445692
4 0.66375 0.7546816479400749 0.0925 0.1198501872659176
4 0.40375 0.6666666666666666 0.125 0.20599250936329588
4 0.47375 0.9044943820224719 0.1175 0.13857677902621723