3 0.0575 0.5037453183520599 0.095 0.21348314606741572
3 0.16125 0.5187265917602997 0.1175 0.18352059925093633
3 0.305 0.45131086142322097 0.105 0.19101123595505617
3 0.3075 0.1404494382022472 0.105 0.15355805243445692
6 0.10625 0.14794007490636704 0.0925 0.12359550561797752
3 0.53125 0.2602996254681648 0.0975 0.19101123595505617
3 0.95125 0.43258426966292135 0.0925 0.19850187265917604
3 0.90125 0.19662921348314608 0.0925 0.13857677902621723
5 0.35125 0.398876404494382 0.1975 0.31086142322097376
5 0.59125 0.16666666666666666 0.1725 0.2696629213483146
5 0.8575 0.3857677902621723 0.2 0.299625468164794
5 0.88625 0.06554307116104868 0.1575 0.10861423220973783
5 0.315 0.06179775280898876 0.18 0.1198501872659176
5 0.075 0.37453183520599254 0.095 0.1348314606741573