5 0.1734375 0.5486842105263158 0.0546875 0.11578947368421053
5 0.4546875 0.3736842105263158 0.05625 0.11578947368421053
5 0.80390625 0.32894736842105265 0.05 0.11052631578947368
6 0.4453125 0.39210526315789473 0.04375 0.07894736842105263
6 0.79375 0.3447368421052632 0.028125 0.09210526315789473
4 0.40859375 0.4881578947368421 0.0328125 0.060526315789473685
4 0.42265625 0.4513157894736842 0.0390625 0.04473684210526316
4 0.7640625 0.3960526315789474 0.0234375 0.039473684210526314
4 0.7515625 0.5131578947368421 0.021875 0.06315789473684211
3 0.2 0.5421052631578948 0.015625 0.07631578947368421
4 0.2125 0.5723684210526315 0.0203125 0.05263157894736842