1 0.27553125 0.33496875 0.10227604166666666 0.347015625
1 0.40053645833333335 0.3629375 0.09707812499999999 0.354515625
1 0.8314427083333332 0.250921875 0.17243229166666665 0.41174999999999995
1 0.60753125 0.26471875 0.09440104166666667 0.37840625
1 0.5192239583333333 0.14290624999999998 0.08184895833333333 0.22071875
1 0.3983802083333333 0.09406250000000001 0.07389583333333333 0.18812500000000001
1 0.6791510416666667 0.053671875 0.10610937499999999 0.081296875
1 0.18486458333333333 0.197609375 0.08240104166666667 0.14260937499999998
1 0.16316666666666665 0.40015625000000005 0.08067187499999999 0.25865625
1 0.07529166666666667 0.415796875 0.058567708333333336 0.258671875
3 0.1579583333333333 0.44768749999999996 0.06505208333333333 0.11151562500000001
3 0.2803333333333333 0.38971875 0.075421875 0.12840625
3 0.37406770833333336 0.424890625 0.059765625 0.12060937499999999
3 0.5858385416666666 0.3298125 0.051015625 0.18046875
3 0.8227708333333333 0.3995 0.07696875 0.155765625
3 0.499046875 0.146796875 0.044098958333333334 0.1035
3 0.269921875 0.42750000000000005 0.044182291666666665 0.125828125
3 0.3773229166666667 0.446375 0.048046875 0.09326562499999999
3 0.5778072916666667 0.35325 0.04797916666666667 0.11795312499999999
3 0.8223385416666668 0.428140625 0.07089062500000001 0.1193125