2 0.7779843750000001 0.308078125 0.18934375 0.234921875
2 0.29314062500000004 0.682328125 0.11303125 0.19190625
2 0.87403125 0.9015625 0.19629687499999998 0.196875
5 0.92421875 0.0734375 0.1515625 0.146875
5 0.7421875 0.16484375 0.18125 0.2296875
5 0.9265625 0.83046875 0.146875 0.2140625
5 0.68984375 0.83046875 0.1515625 0.2359375
3 0.9375 0.20546875 0.125 0.1390625
4 0.81796875 0.40546875 0.0734375 0.1984375
4 0.28359375 0.73046875 0.1046875 0.2265625
4 0.09140625 0.6765625 0.1109375 0.16875
4 0.97578125 0.34609375 0.0484375 0.1859375