2 0.92890625 0.23515625 0.1234375 0.2578125
2 0.0671875 0.2578125 0.134375 0.340625
2 0.4390625 0.728125 0.059375 0.165625
2 0.33359375 0.74609375 0.0671875 0.2328125
2 0.8453125 0.91328125 0.090625 0.1703125
5 0.071875 0.47109375 0.14375 0.1515625
5 0.803125 0.2046875 0.171875 0.30625
5 0.62890625 0.6375 0.0828125 0.08125
5 0.334375 0.91875 0.103125 0.159375
5 0.03203125 0.91484375 0.0640625 0.1671875
5 0.8390625 0.75703125 0.134375 0.1171875
5 0.94140625 0.5875 0.0796875 0.075
5 0.96484375 0.72421875 0.0703125 0.0828125
0 0.79140625 0.42890625 0.1609375 0.1390625