2 0.51015625 0.1765625 0.1859375 0.353125
2 0.3203125 0.4390625 0.115625 0.25625
2 0.76484375 0.60703125 0.0609375 0.0765625
2 0.096875 0.85546875 0.19375 0.2859375
5 0.321875 0.2390625 0.11875 0.184375
5 0.60703125 0.3953125 0.3453125 0.35625
5 0.10234375 0.665625 0.2046875 0.196875
5 0.75234375 0.6484375 0.0890625 0.103125
5 0.54765625 0.65625 0.0953125 0.078125
5 0.4375 0.91484375 0.109375 0.1671875
5 0.94609375 0.7328125 0.1078125 0.15
3 0.45 0.7875 0.109375 0.15625
3 0.9578125 0.625 0.084375 0.125