3 0.6722222222222223 0.8201970443349754 0.14814814814814814 0.18555008210180624
3 0.8143518518518519 0.7479474548440066 0.09722222222222222 0.1330049261083744
3 0.4310185185185185 0.6551724137931034 0.13055555555555556 0.18719211822660098
2 0.12295370370370369 0.4767816091954023 0.14722222222222223 0.2019704433497537
3 0.6541666666666667 0.3793103448275862 0.06388888888888888 0.10509031198686371
3 0.7203703703703703 0.3308702791461412 0.06296296296296296 0.09688013136288999
3 0.5388888888888889 0.7980295566502463 0.07407407407407407 0.10509031198686371
3 0.5111111111111111 0.277504105090312 0.040740740740740744 0.07881773399014778
3 0.475 0.34893267651888343 0.05925925925925926 0.054187192118226604
3 0.5592592592592592 0.21592775041050905 0.05 0.07717569786535304
3 0.5953703703703703 0.08538587848932677 0.03333333333333333 0.05582922824302135
3 0.6787037037037037 0.052545155993431854 0.040740740740740744 0.05582922824302135
3 0.5347222222222222 0.0665024630541872 0.03611111111111111 0.054187192118226604