2 0.35540625000000003 0.313578125 0.053234375 0.06737499999999999
2 0.768046875 0.33365625 0.05496875 0.08
2 0.2390625 0.36328125 0.05625 0.0703125
4 0.385328125 0.50234375 0.039390625 0.0640625
4 0.35234375 0.5140625 0.0359375 0.075
4 0.165453125 0.670421875 0.03746875 0.070234375
0 0.10457812500000001 0.852265625 0.053078125 0.11239062500000001
0 0.03746875 0.8405625000000001 0.053078125 0.08584375
0 0.657921875 0.8694375000000001 0.07648437500000001 0.231015625
5 0.765625 0.2578125 0.071875 0.090625
5 0.3515625 0.265625 0.05 0.065625
5 0.23125 0.315625 0.0625 0.0875
1 0.796875 0.571875 0.1375 0.221875