2 0.473953125 0.790640625 0.09584375 0.145296875
6 0.71796875 0.26015625 0.0515625 0.0578125
3 0.3203125 0.26796875 0.04375 0.0671875
4 0.17890625 0.6765625 0.0421875 0.065625
4 0.2234375 0.64453125 0.046875 0.0578125
4 0.7546875 0.57109375 0.065625 0.0953125
4 0.30703125 0.56171875 0.0296875 0.0703125
0 0.42890625 0.959375 0.0984375 0.08125
0 0.10859375 0.85625 0.0640625 0.109375
5 0.70390625 0.1921875 0.0734375 0.09375
5 0.484375 0.67734375 0.134375 0.1859375
5 0.31640625 0.2296875 0.0515625 0.065625
5 0.18515625 0.38515625 0.0546875 0.0890625