2 0.32134375 0.31746875 0.057703125 0.06704687499999999
2 0.835375 0.610484375 0.08125 0.10132812499999999
2 0.2296875 0.36796875 0.05625 0.0703125
4 0.27265625 0.63515625 0.0484375 0.0703125
4 0.43359375 0.46171875 0.0484375 0.0671875
4 0.16875 0.6578125 0.03125 0.065625
0 0.35546875 0.953125 0.1140625 0.08125
5 0.7546875 0.259375 0.065625 0.090625
5 0.32421875 0.2625 0.0484375 0.046875
5 0.21875 0.30390625 0.05 0.0828125
5 0.109375 0.678125 0.078125 0.165625
1 0.8734375 0.54453125 0.128125 0.2359375