1 0.152552 0.34114577084583086 0.095772 0.08040791841631673
1 0.2692 0.16511697660467906 0.057072000000000005 0.06429514097180564
1 0.600472 0.5686922615476905 0.135608 0.20556688662267547
1 0.806768 0.6656988602279544 0.12820399999999998 0.159628074385123
1 0.734452 0.48917216556688664 0.08356799999999999 0.1485122975404919
1 0.8621 0.24412717456508698 0.054863999999999996 0.06634073185362928
1 0.332856 0.6131793641271746 0.08437599999999999 0.10858428314337132
1 0.511824 0.39015596880623876 0.070316 0.13044391121775645
1 0.04224 0.16863227354529095 0.08448 0.12530293941211756
1 0.338856 0.0391001799640072 0.05637999999999999 0.05220755848830234
1 0.453168 0.26613077384523093 0.057008 0.0743611277744451
