3 0.963125 0.36 0.04375 0.04666666666666667
3 0.900625 0.20083333333333334 0.03625 0.041666666666666664
3 0.666875 0.6666666666666666 0.06125 0.06
3 0.504375 0.91 0.06625 0.06666666666666667
3 0.119375 0.5791666666666667 0.05625 0.058333333333333334
3 0.570625 0.5 0.04625 0.043333333333333335
3 0.37 0.21833333333333332 0.0425 0.04666666666666667
3 0.289375 0.23583333333333334 0.03875 0.041666666666666664
3 0.130625 0.3975 0.04375 0.045
3 0.469375 0.4875 0.04625 0.04833333333333333
3 0.723125 0.31416666666666665 0.04125 0.04833333333333333
3 0.788125 0.16916666666666666 0.04125 0.041666666666666664
3 0.9825 0.21666666666666667 0.0325 0.043333333333333335
3 0.208125 0.14666666666666667 0.03375 0.03666666666666667
3 0.570625 0.1575 0.03875 0.041666666666666664
3 0.34625 0.4275 0.0475 0.045
3 0.085625 0.20833333333333334 0.04125 0.04666666666666667
3 0.793125 0.7708333333333334 0.06125 0.065
3 0.538125 0.25833333333333336 0.04625 0.05
3 0.69625 0.18583333333333332 0.035 0.03833333333333333
3 0.21625 0.8358333333333333 0.065 0.065
3 0.32875 0.865 0.065 0.06666666666666667
3 0.81 0.32166666666666666 0.0375 0.043333333333333335
3 0.813125 0.06916666666666667 0.03625 0.035
3 0.02 0.3975 0.04 0.035
3 0.013125 0.5541666666666667 0.02625 0.058333333333333334
3 0.48125 0.26166666666666666 0.04 0.05
3 0.293125 0.035833333333333335 0.03375 0.035
3 0.020625 0.19666666666666666 0.04125 0.04
3 0.480625 0.1275 0.03375 0.041666666666666664
3 0.379375 0.05333333333333334 0.03125 0.03666666666666667
3 0.408125 0.6525 0.05375 0.055
3 0.085625 0.8375 0.06625 0.065
3 0.514375 0.06416666666666666 0.03125 0.03166666666666667
3 0.264375 0.43583333333333335 0.03375 0.045
3 0.190625 0.5833333333333334 0.05125 0.05333333333333334
3 0.64125 0.07 0.03 0.03333333333333333
3 0.544375 0.6833333333333333 0.05375 0.06333333333333334
3 0.175 0.205 0.035 0.04666666666666667
3 0.3325 0.1525 0.03 0.03833333333333333
3 0.74125 0.075 0.035 0.03333333333333333
3 0.850625 0.5158333333333334 0.04375 0.041666666666666664
3 0.98 0.5716666666666667 0.0275 0.043333333333333335
3 0.719375 0.505 0.03875 0.043333333333333335
3 0.23 0.5966666666666667 0.0375 0.06
3 0.01875 0.1025 0.0275 0.03166666666666667
3 0.4475 0.06583333333333333 0.0325 0.028333333333333332
3 0.11625 0.11166666666666666 0.025 0.03666666666666667
3 0.649375 0.305 0.04375 0.04666666666666667
3 0.598125 0.02 0.02375 0.03