3 0.6090476190476191 0.25357142857142856 0.05238095238095238 0.05857142857142857
3 0.8528571428571429 0.33714285714285713 0.039047619047619046 0.04857142857142857
3 0.7652380952380953 0.28714285714285714 0.04666666666666667 0.054285714285714284
3 0.5071428571428571 0.2542857142857143 0.08857142857142856 0.11428571428571428
3 0.26761904761904765 0.3357142857142857 0.049523809523809526 0.05142857142857143
3 0.4257142857142857 0.3271428571428571 0.05523809523809524 0.04857142857142857
3 0.9366666666666666 0.31142857142857144 0.037142857142857144 0.04285714285714286
3 0.1519047619047619 0.29 0.04857142857142857 0.045714285714285714
3 0.19952380952380952 0.25642857142857145 0.03142857142857143 0.03571428571428571
3 0.6947619047619048 0.32857142857142857 0.02761904761904762 0.03142857142857143
3 0.9709523809523809 0.2978571428571429 0.023809523809523808 0.032857142857142856
3 0.08904761904761904 0.32142857142857145 0.06 0.05714285714285714
3 0.2776190476190476 0.2357142857142857 0.02761904761904762 0.03142857142857143
3 0.3761904761904762 0.2392857142857143 0.017142857142857144 0.03