3 0.42142857142857143 0.38857142857142857 0.05047619047619047 0.06571428571428571
3 0.47904761904761906 0.5178571428571429 0.07047619047619047 0.09
3 0.20714285714285716 0.8335714285714285 0.1361904761904762 0.16714285714285715
3 0.31523809523809526 0.485 0.06666666666666667 0.08428571428571428
3 0.7747619047619048 0.3557142857142857 0.05619047619047619 0.06857142857142857
3 0.11190476190476191 0.5707142857142857 0.14952380952380953 0.16714285714285715
3 0.6190476190476191 0.40285714285714286 0.07809523809523809 0.08571428571428572
3 0.30714285714285716 0.35642857142857143 0.05047619047619047 0.05
3 0.8876190476190476 0.38142857142857145 0.0380952380952381 0.04857142857142857
3 0.9552380952380952 0.7314285714285714 0.08761904761904762 0.19142857142857142
3 0.23714285714285716 0.48 0.049523809523809526 0.06571428571428571
3 0.8633333333333333 0.9114285714285715 0.14952380952380953 0.14285714285714285
3 0.950952380952381 0.45714285714285713 0.054285714285714284 0.06285714285714286
3 0.7614285714285715 0.6021428571428571 0.1019047619047619 0.13285714285714287
3 0.9533333333333334 0.3535714285714286 0.04 0.03571428571428571
3 0.06619047619047619 0.2985714285714286 0.03142857142857143 0.04857142857142857
3 0.3838095238095238 0.3557142857142857 0.030476190476190476 0.04
3 0.13476190476190475 0.29285714285714287 0.02761904761904762 0.03428571428571429
3 0.9185714285714286 0.3435714285714286 0.021904761904761906 0.041428571428571426
3 0.6847619047619048 0.42642857142857143 0.04 0.055714285714285716
3 0.7071428571428572 0.505 0.03333333333333333 0.07285714285714286
3 0.2042857142857143 0.47714285714285715 0.023809523809523808 0.05714285714285714