1 0.23097222222222222 0.5146354166666667 0.13932291666666666 0.22631510416666667
1 0.5340190972222223 0.5499088541666667 0.13776909722222222 0.22526041666666666
1 0.7976475694444445 0.548828125 0.09644965277777778 0.23610677083333334
1 0.04582465277777778 0.466328125 0.09020833333333333 0.21434895833333334
1 0.08669270833333334 0.37459635416666665 0.05474826388888889 0.11552083333333334
1 0.06788194444444445 0.23295572916666665 0.07789930555555555 0.13821614583333333
1 0.1825173611111111 0.2655208333333333 0.07713541666666666 0.12522135416666666
1 0.31523437499999996 0.37460937499999997 0.09517361111111111 0.18063802083333333
1 0.45663194444444444 0.4212760416666667 0.07848958333333333 0.156796875
1 0.6551649305555556 0.44407552083333335 0.10662326388888889 0.1633203125
1 0.6891579861111111 0.3192447916666667 0.07045138888888888 0.10897135416666666
1 0.7679947916666667 0.37894531249999996 0.08922743055555556 0.11117187499999999
1 0.8699739583333334 0.41041666666666665 0.050138888888888886 0.12205729166666666
1 0.9394097222222223 0.38382812499999996 0.06747395833333333 0.11444010416666667
3 0.2570138888888889 0.5677994791666666 0.07855902777777778 0.09826822916666667
3 0.05559027777777778 0.5026692708333333 0.08802951388888888 0.09822916666666666
3 0.5651215277777778 0.5683463541666667 0.10448784722222222 0.0928515625
3 0.8233246527777778 0.6302213541666667 0.09138020833333332 0.13847656249999998
3 0.8923958333333333 0.48421875 0.06893229166666666 0.100390625
3 0.9488107638888889 0.41367187499999997 0.08626736111111111 0.0894921875
3 0.7933072916666667 0.40389322916666665 0.06173611111111112 0.08296875
3 0.6725260416666666 0.47880208333333335 0.07190104166666667 0.1155859375