5 0.5618548387096775 0.1795461422087746 0.2067741935483871 0.2631316187594554
5 0.9100201612903226 0.18170953101361573 0.1369657258064516 0.310695915279879
5 0.1072983870967742 0.4930105900151286 0.14385080645161288 0.29357034795764
5 0.4914516129032258 0.5211195158850227 0.14948588709677418 0.30656580937972766
5 0.8312600806451613 0.5505143721633888 0.16089717741935486 0.2270196671709531
5 0.16546370967741933 0.7727382753403933 0.1657157258064516 0.17007564296520425
5 0.4748991935483871 0.7950226928895613 0.09045362903225806 0.2362481089258699
5 0.9735282258064516 0.8660816944024206 0.038427419354838704 0.14462934947049924
5 0.8216330645161289 0.8814372163388805 0.1146875 0.1787745839636914
5 0.7454536290322581 0.9076096822995461 0.09757056451612904 0.18478063540090772
5 0.5732358870967742 0.9283812405446293 0.15406250000000002 0.13904689863842662
5 0.20003024193548388 0.1213767019667171 0.11962701612903226 0.2202874432677761