3 0.2876190476190476 0.5482233502538071 0.11619047619047619 0.12436548223350254
3 0.5404761904761904 0.4549492385786802 0.06190476190476191 0.06218274111675127
3 0.4 0.39149746192893403 0.024761904761904763 0.031725888324873094
3 0.058095238095238096 0.5983502538071066 0.06476190476190476 0.0901015228426396
3 0.44285714285714284 0.46383248730964466 0.0419047619047619 0.04187817258883249
3 0.0838095238095238 0.4352791878172589 0.03619047619047619 0.03807106598984772
3 0.23142857142857143 0.36738578680203043 0.02095238095238095 0.02918781725888325
3 0.8247619047619048 0.45558375634517767 0.049523809523809526 0.0532994923857868
3 0.9890476190476191 0.4720812182741117 0.02 0.050761421319796954
3 0.89 0.40418781725888325 0.021904761904761906 0.0266497461928934
3 0.7471428571428571 0.4460659898477157 0.021904761904761906 0.024111675126903553
3 0.12 0.399746192893401 0.02095238095238095 0.025380710659898477
3 0.4461904761904762 0.38515228426395937 0.02 0.01903553299492386