3 0.26224489795918365 0.328804347826087 0.030612244897959183 0.05253623188405797
3 0.7076530612244898 0.23822463768115942 0.03163265306122449 0.05615942028985507
3 0.9285714285714286 0.2753623188405797 0.0326530612244898 0.050724637681159424
3 0.8173469387755102 0.25271739130434784 0.04081632653061224 0.05253623188405797
3 0.5209183673469387 0.1693840579710145 0.03571428571428571 0.08514492753623189
3 0.6581632653061225 0.23550724637681159 0.04285714285714286 0.050724637681159424
3 0.13673469387755102 0.12681159420289856 0.06326530612244897 0.09057971014492754
3 0.8923469387755102 0.2798913043478261 0.03163265306122449 0.04528985507246377
3 0.588265306122449 0.26811594202898553 0.011224489795918367 0.028985507246376812
3 0.4107142857142857 0.15307971014492755 0.04183673469387755 0.08152173913043478
3 0.5096938775510204 0.2346014492753623 0.02346938775510204 0.041666666666666664
3 0.7719387755102041 0.30434782608695654 0.017346938775510204 0.03260869565217391
3 0.02193877551020408 0.2545289855072464 0.027551020408163266 0.05253623188405797