1 0.4171875 0.2513157894736842 0.090625 0.14736842105263157
1 0.55390625 0.1763157894736842 0.075 0.08421052631578947
1 0.80703125 0.2565789473684211 0.0828125 0.1368421052631579
1 0.77578125 0.48947368421052634 0.184375 0.2
1 0.7546875 0.8618421052631579 0.2734375 0.27631578947368424
0 0.471875 0.8842105263157894 0.121875 0.1394736842105263
0 0.54921875 0.6605263157894737 0.0734375 0.13421052631578947
0 0.375 0.9526315789473684 0.103125 0.09473684210526316
0 0.584375 0.5789473684210527 0.090625 0.10263157894736842
0 0.5828125 0.5039473684210526 0.0796875 0.09736842105263158
0 0.5015625 0.4710526315789474 0.071875 0.05789473684210526
0 0.66171875 0.3736842105263158 0.0453125 0.05
0 0.59453125 0.3815789473684211 0.0578125 0.05263157894736842
0 0.6640625 0.34868421052631576 0.0625 0.04736842105263158
6 0.72421875 0.5789473684210527 0.0984375 0.11578947368421053
6 0.77734375 0.29342105263157897 0.0578125 0.06578947368421052
6 0.4375 0.3355263157894737 0.065625 0.07631578947368421
6 0.56328125 0.22631578947368422 0.0359375 0.05263157894736842
6 0.68359375 0.14868421052631578 0.0296875 0.039473684210526314