1 0.2140625 0.2868421052631579 0.1171875 0.19473684210526315
1 0.35625 0.28157894736842104 0.0546875 0.05789473684210526
1 0.6953125 0.3263157894736842 0.1234375 0.15526315789473685
1 0.7859375 0.2657894736842105 0.0484375 0.07631578947368421
1 0.98515625 0.29736842105263156 0.0296875 0.06315789473684211
0 0.61015625 0.8381578947368421 0.0859375 0.09473684210526316
0 0.24609375 0.6881578947368421 0.0921875 0.16052631578947368
0 0.20703125 0.8289473684210527 0.1078125 0.1763157894736842
6 0.69921875 0.4328947368421053 0.0640625 0.09210526315789473
6 0.22109375 0.38552631578947366 0.0734375 0.11315789473684211
4 0.37734375 0.4263157894736842 0.0390625 0.05526315789473684