0 0.08152083333333333 0.39098901098901095 0.1063125 0.19992673992673993
0 0.15441666666666667 0.3100732600732601 0.10629166666666667 0.20293040293040293
0 0.34189583333333334 0.34161172161172165 0.120125 0.18054945054945054
0 0.6401666666666667 0.4077655677655677 0.0881875 0.16637362637362638
0 0.7069791666666667 0.3298901098901099 0.07254166666666667 0.151025641025641
0 0.8177916666666667 0.37164835164835164 0.10316666666666667 0.21010989010989012
0 0.943625 0.42505494505494507 0.10139583333333334 0.1398901098901099
2 0.9424791666666666 0.5436263736263736 0.06435416666666667 0.15117216117216117
2 0.7984166666666667 0.4866300366300366 0.07483333333333334 0.08600732600732601
2 0.7188541666666667 0.45252747252747255 0.044187500000000005 0.12161172161172162
2 0.33697916666666666 0.4026739926739927 0.06514583333333333 0.10732600732600733
2 0.17931249999999999 0.44743589743589746 0.06579166666666666 0.12362637362637363
2 0.11970833333333333 0.4917216117216118 0.050770833333333334 0.12062271062271063