2 0.15404166666666666 0.40993548387096773 0.098375 0.1596774193548387
2 0.27277083333333335 0.3174193548387097 0.08583333333333334 0.11658064516129032
2 0.34289583333333334 0.24322580645161293 0.042749999999999996 0.12300000000000001
2 0.4532916666666667 0.22761290322580646 0.05520833333333333 0.04661290322580645
2 0.6553541666666667 0.21738709677419354 0.042645833333333334 0.04554838709677419
2 0.8198958333333334 0.37983870967741934 0.13839583333333336 0.15103225806451612
0 0.8719583333333334 0.22119354838709676 0.250875 0.18858064516129033
0 0.6331249999999999 0.16687096774193547 0.13152083333333334 0.17670967741935484
0 0.4588541666666667 0.18835483870967742 0.07464583333333333 0.11651612903225805
0 0.34220833333333334 0.18729032258064518 0.10802083333333333 0.14016129032258065
0 0.25193750000000004 0.2674193548387097 0.1275 0.1907741935483871
0 0.13216666666666665 0.2776451612903226 0.19210416666666666 0.21767741935483872