0 0.9312708333333333 0.21034375 0.13747916666666665 0.10371875
0 0.4877916666666666 0.226375 0.09110416666666667 0.07165625
0 0.3233958333333333 0.20012500000000003 0.08997916666666667 0.09925
0 0.2495 0.21212499999999998 0.07397916666666667 0.11796875
0 0.12427083333333333 0.30521875 0.15829166666666666 0.12784374999999998
0 0.03502083333333333 0.13509374999999998 0.07004166666666665 0.11881250000000002
0 0.34445833333333337 0.3991875 0.12141666666666667 0.12878125
0 0.2842083333333333 0.5314687499999999 0.12560416666666666 0.20637500000000003
2 0.9213541666666667 0.31503125 0.09985416666666666 0.1474375
2 0.4940208333333333 0.28650000000000003 0.05727083333333333 0.06903125
2 0.36612500000000003 0.45709375 0.04010416666666667 0.10565625000000001
2 0.42904166666666665 0.47134375000000006 0.051958333333333336 0.09140625
2 0.320125 0.26246875 0.051395833333333335 0.1064375
2 0.26227083333333334 0.28515625 0.04608333333333334 0.08240625
2 0.14979166666666668 0.3501875 0.06689583333333333 0.08421875
2 0.035833333333333335 0.27628125 0.07166666666666667 0.16078125000000001