3 0.95 0.21921182266009853 0.07777777777777778 0.10673234811165845
3 0.7685185185185185 0.4351395730706076 0.07222222222222222 0.10180623973727422
3 0.45555555555555555 0.3448275862068966 0.06296296296296296 0.08210180623973727
3 0.5208333333333334 0.2676518883415435 0.03981481481481482 0.0755336617405583
3 0.5898148148148148 0.6855500821018062 0.09259259259259259 0.11330049261083744
3 0.5824074074074074 0.46223316912972084 0.07962962962962963 0.10016420361247948
3 0.09166666666666666 0.513136288998358 0.1111111111111111 0.1330049261083744
3 0.26944444444444443 0.312807881773399 0.1 0.1625615763546798
3 0.6157407407407407 0.2914614121510673 0.044444444444444446 0.07389162561576355
3 0.33101851851851855 0.09523809523809523 0.049074074074074076 0.06568144499178982
3 0.08611111111111111 0.23070607553366174 0.046296296296296294 0.05747126436781609
3 0.8231481481481482 0.13054187192118227 0.037037037037037035 0.04433497536945813
3 0.6 0.05582922824302135 0.03148148148148148 0.05582922824302135