3 0.16458333333333333 0.3210227272727273 0.05 0.060227272727272727
3 0.8826388888888889 0.24545454545454545 0.043055555555555555 0.056818181818181816
3 0.9409722222222222 0.26136363636363635 0.05555555555555555 0.0659090909090909
3 0.07847222222222222 0.27443181818181817 0.05694444444444444 0.0715909090909091
3 0.7607638888888889 0.2596590909090909 0.04375 0.05795454545454545
3 0.34618055555555555 0.3085227272727273 0.06319444444444444 0.06477272727272727
3 0.40520833333333334 0.2875 0.04375 0.05227272727272727
3 0.6131944444444445 0.31022727272727274 0.0375 0.05
3 0.44375 0.48579545454545453 0.06805555555555555 0.0625
3 0.7125 0.36363636363636365 0.05694444444444444 0.0659090909090909
3 0.475 0.2784090909090909 0.034722222222222224 0.04318181818181818
3 0.29583333333333334 0.23806818181818182 0.034722222222222224 0.04431818181818182
3 0.5645833333333333 0.2818181818181818 0.05 0.06136363636363636
3 0.5225694444444444 0.2755681818181818 0.03680555555555556 0.05568181818181818
3 0.6552083333333333 0.34147727272727274 0.03819444444444445 0.05568181818181818