3 0.173828125 0.42058823529411765 0.1484375 0.17058823529411765
3 0.072265625 0.2485294117647059 0.078125 0.11470588235294117
3 0.6767578125 0.27647058823529413 0.072265625 0.09411764705882353
3 0.53125 0.2838235294117647 0.1171875 0.1323529411764706
3 0.8095703125 0.2867647058823529 0.080078125 0.08529411764705883
3 0.88671875 0.4588235294117647 0.1171875 0.13529411764705881
3 0.8603515625 0.1338235294117647 0.044921875 0.061764705882352944
3 0.4013671875 0.36764705882352944 0.080078125 0.08823529411764706
3 0.88671875 0.2426470588235294 0.05859375 0.05588235294117647
3 0.435546875 0.2235294117647059 0.0625 0.06470588235294118
3 0.4580078125 0.3044117647058823 0.056640625 0.07941176470588235