1 0.40703125 0.3592105263157895 0.0765625 0.11842105263157894
1 0.47421875 0.5131578947368421 0.0515625 0.08157894736842106
1 0.58359375 0.4394736842105263 0.05 0.07368421052631578
1 0.6015625 0.5842105263157895 0.1078125 0.17105263157894737
1 0.74921875 0.5342105263157895 0.1 0.1394736842105263
3 0.40546875 0.43157894736842106 0.0671875 0.08947368421052632
3 0.4765625 0.5684210526315789 0.065625 0.0868421052631579
3 0.5796875 0.48026315789473684 0.0640625 0.06842105263157895
4 0.42890625 0.7684210526315789 0.0859375 0.14210526315789473
4 0.47578125 0.7513157894736842 0.06875 0.11842105263157894
4 0.5140625 0.7078947368421052 0.046875 0.05789473684210526
4 0.5453125 0.6684210526315789 0.04375 0.10526315789473684