1 0.29609375 0.15657894736842104 0.1125 0.12631578947368421
1 0.38828125 0.16447368421052633 0.078125 0.07105263157894737
1 0.5671875 0.23289473684210527 0.078125 0.1
1 0.51171875 0.24736842105263157 0.053125 0.10526315789473684
1 0.415625 0.28421052631578947 0.0359375 0.07368421052631578
1 0.4484375 0.24342105263157895 0.0390625 0.05
5 0.6390625 0.13815789473684212 0.109375 0.15526315789473685
6 0.6390625 0.2618421052631579 0.08125 0.12894736842105264
6 0.56796875 0.32763157894736844 0.0609375 0.09210526315789473
6 0.5140625 0.3236842105263158 0.040625 0.07631578947368421
6 0.378125 0.2657894736842105 0.059375 0.10789473684210527
6 0.29296875 0.275 0.090625 0.10263157894736842
6 0.40234375 0.3368421052631579 0.0359375 0.0868421052631579
4 0.275 0.475 0.0875 0.21052631578947367
4 0.40078125 0.5052631578947369 0.0609375 0.16052631578947368
4 0.50859375 0.5197368421052632 0.071875 0.17894736842105263
4 0.646875 0.5960526315789474 0.0875 0.22631578947368422
4 0.56328125 0.4368421052631579 0.0546875 0.12894736842105264
4 0.4640625 0.41578947368421054 0.0515625 0.15263157894736842
4 0.42109375 0.4276315789473684 0.053125 0.12631578947368421