1 0.18515625 0.2868421052631579 0.034375 0.07368421052631578
1 0.25234375 0.30526315789473685 0.025 0.05263157894736842
1 0.325 0.31842105263157894 0.03125 0.04736842105263158
1 0.384375 0.3355263157894737 0.071875 0.13157894736842105
1 0.54921875 0.3236842105263158 0.0671875 0.09210526315789473
1 0.903125 0.3144736842105263 0.103125 0.15263157894736842
6 0.3921875 0.4394736842105263 0.0625 0.04473684210526316
6 0.54609375 0.3986842105263158 0.0609375 0.05526315789473684
6 0.89765625 0.4118421052631579 0.065625 0.060526315789473685
0 0.3703125 0.6684210526315789 0.05625 0.07105263157894737
0 0.46484375 0.6026315789473684 0.046875 0.11578947368421053
0 0.590625 0.7052631578947368 0.078125 0.08947368421052632
0 0.6 0.6 0.046875 0.0868421052631579
0 0.8234375 0.6631578947368421 0.0625 0.11578947368421053
0 0.94609375 0.6723684210526316 0.0609375 0.11315789473684211
6 0.25625 0.3131578947368421 0.025 0.04736842105263158