1 0.3203125 0.34210526315789475 0.071875 0.10526315789473684
1 0.4265625 0.5276315789473685 0.0484375 0.10789473684210527
1 0.5296875 0.4486842105263158 0.0453125 0.1
1 0.55078125 0.5802631578947368 0.0953125 0.15526315789473685
1 0.68359375 0.5381578947368421 0.1 0.12631578947368421
2 0.32109375 0.41710526315789476 0.0546875 0.09473684210526316
3 0.42578125 0.5697368421052632 0.0453125 0.07368421052631578
2 0.53203125 0.4855263157894737 0.0453125 0.05789473684210526
4 0.3234375 0.6592105263157895 0.0625 0.05789473684210526
4 0.3765625 0.6605263157894737 0.040625 0.05263157894736842
4 0.43828125 0.7013157894736842 0.0609375 0.06578947368421052
4 0.45078125 0.8421052631578947 0.04375 0.06315789473684211