1 0.228125 0.275 0.103125 0.12631578947368421
1 0.32109375 0.29736842105263156 0.1765625 0.17105263157894737
1 0.65078125 0.3394736842105263 0.11875 0.18947368421052632
1 0.91015625 0.3473684210526316 0.16875 0.22105263157894736
3 0.8859375 0.4631578947368421 0.1109375 0.14210526315789473
3 0.63515625 0.41842105263157897 0.08125 0.12105263157894737
3 0.35234375 0.4407894736842105 0.1 0.15526315789473685
0 0.74609375 0.6868421052631579 0.1078125 0.11052631578947368
0 0.83046875 0.75 0.1640625 0.14210526315789473
0 0.534375 0.5697368421052632 0.0890625 0.10263157894736842
0 0.45390625 0.5684210526315789 0.084375 0.05526315789473684
0 0.4625 0.6105263157894737 0.0796875 0.07368421052631578
0 0.553125 0.6644736842105263 0.0796875 0.11052631578947368