1 0.39609375 0.3671052631578947 0.0796875 0.13157894736842105
1 0.46640625 0.5144736842105263 0.0515625 0.09210526315789473
1 0.5765625 0.4407894736842105 0.05 0.09473684210526316
1 0.59375 0.5855263157894737 0.10625 0.16578947368421051
1 0.74453125 0.5289473684210526 0.1 0.12631578947368421
6 0.4015625 0.4342105263157895 0.071875 0.09473684210526316
3 0.46875 0.5447368421052632 0.05 0.08421052631578947
4 0.43359375 0.6881578947368421 0.075 0.12894736842105264
4 0.47109375 0.6802631578947368 0.0578125 0.08947368421052632
4 0.49453125 0.7328947368421053 0.04375 0.07105263157894737
4 0.49921875 0.8460526315789474 0.0421875 0.05263157894736842