1 0.29453125 0.29473684210526313 0.028125 0.042105263157894736
1 0.49296875 0.21842105263157896 0.05625 0.05263157894736842
1 0.6765625 0.2881578947368421 0.05 0.10263157894736842
6 0.49609375 0.2776315789473684 0.0578125 0.07368421052631578
6 0.6578125 0.3236842105263158 0.053125 0.06578947368421052
4 0.61640625 0.5894736842105263 0.0453125 0.06578947368421052
4 0.5515625 0.5236842105263158 0.046875 0.09473684210526316
4 0.44921875 0.5539473684210526 0.05625 0.09473684210526316
4 0.2703125 0.3894736842105263 0.0265625 0.03684210526315789
4 0.309375 0.4 0.021875 0.02894736842105263
6 0.29609375 0.3144736842105263 0.0265625 0.034210526315789476