1 0.08046875 0.23684210526315788 0.09375 0.09473684210526316
1 0.1859375 0.2789473684210526 0.1890625 0.16842105263157894
1 0.51953125 0.2802631578947368 0.1078125 0.1394736842105263
1 0.759375 0.30657894736842106 0.1453125 0.19473684210526315
3 0.73671875 0.4263157894736842 0.096875 0.11842105263157894
3 0.50859375 0.37236842105263157 0.078125 0.10526315789473684
3 0.2125 0.3986842105263158 0.090625 0.15789473684210525
0 0.40625 0.55 0.109375 0.09736842105263158
0 0.53515625 0.6197368421052631 0.1140625 0.12631578947368421
0 0.6859375 0.6855263157894737 0.15 0.1394736842105263
0 0.43203125 0.6328947368421053 0.0609375 0.1