1 0.56953125 0.22105263157894736 0.078125 0.11052631578947368
1 0.29921875 0.13289473684210526 0.10625 0.15
1 0.38359375 0.1513157894736842 0.053125 0.09210526315789473
1 0.40859375 0.2513157894736842 0.053125 0.07894736842105263
1 0.50625 0.22763157894736843 0.0515625 0.08421052631578947
5 0.6453125 0.11973684210526316 0.109375 0.15789473684210525
6 0.3 0.24078947368421053 0.0921875 0.11842105263157894
6 0.3734375 0.2394736842105263 0.065625 0.11315789473684211
6 0.40234375 0.3157894736842105 0.0328125 0.08421052631578947
6 0.56953125 0.3236842105263158 0.0640625 0.09473684210526316
6 0.64296875 0.2513157894736842 0.0859375 0.15
6 0.5125 0.29605263157894735 0.046875 0.0868421052631579
4 0.27734375 0.4855263157894737 0.0953125 0.16842105263157894
4 0.4140625 0.4710526315789474 0.04375 0.1394736842105263
4 0.56328125 0.41578947368421054 0.0734375 0.12894736842105264
4 0.5125 0.4855263157894737 0.06875 0.19210526315789472
4 0.65078125 0.5776315789473684 0.10625 0.17105263157894737
4 0.4734375 0.4052631578947368 0.0421875 0.14210526315789473
4 0.44921875 0.3736842105263158 0.05625 0.1368421052631579
4 0.5015625 0.3631578947368421 0.0625 0.11842105263157894