1 0.26015625 0.28289473684210525 0.171875 0.1736842105263158
1 0.5984375 0.30394736842105263 0.10625 0.14736842105263157
1 0.84921875 0.32105263157894737 0.1484375 0.21052631578947367
3 0.82109375 0.45394736842105265 0.0984375 0.12894736842105264
3 0.58671875 0.3973684210526316 0.0890625 0.11578947368421053
3 0.290625 0.40921052631578947 0.08125 0.17894736842105263
0 0.7625 0.7157894736842105 0.140625 0.15263157894736842
0 0.5921875 0.6434210526315789 0.1140625 0.12894736842105264
0 0.39765625 0.5473684210526316 0.0578125 0.07105263157894737
0 0.48984375 0.5605263157894737 0.0765625 0.11578947368421053
0 0.503125 0.6592105263157895 0.08125 0.11315789473684211
0 0.42109375 0.5986842105263158 0.0765625 0.07105263157894737