1 0.19453125 0.17763157894736842 0.1171875 0.1736842105263158
1 0.284375 0.1618421052631579 0.078125 0.0868421052631579
1 0.31875 0.2789473684210526 0.05625 0.08157894736842106
1 0.4046875 0.26973684210526316 0.053125 0.06842105263157895
5 0.48671875 0.21973684210526315 0.134375 0.14473684210526316
5 0.74453125 0.1986842105263158 0.1125 0.13157894736842105
6 0.7390625 0.34342105263157896 0.0875 0.13421052631578947
6 0.48125 0.3526315789473684 0.096875 0.12105263157894737
6 0.40625 0.32894736842105265 0.059375 0.07105263157894737
6 0.284375 0.2710526315789474 0.0671875 0.12631578947368421
6 0.20390625 0.30526315789473685 0.1078125 0.13421052631578947
6 0.30859375 0.34078947368421053 0.046875 0.09736842105263158
4 0.19375 0.5513157894736842 0.090625 0.2
4 0.3203125 0.5631578947368421 0.090625 0.17894736842105263
4 0.4203125 0.4486842105263158 0.046875 0.12368421052631579
4 0.34921875 0.4368421052631579 0.04375 0.10526315789473684
4 0.36171875 0.31842105263157894 0.0421875 0.08947368421052632
4 0.38203125 0.17894736842105263 0.0484375 0.08947368421052632
4 0.4234375 0.9039473684210526 0.071875 0.13421052631578947
4 0.871875 0.48026315789473684 0.125 0.21052631578947367