1 0.2265625 0.28289473684210525 0.1 0.1368421052631579
1 0.33828125 0.3013157894736842 0.184375 0.18157894736842106
1 0.665625 0.32763157894736844 0.1171875 0.16578947368421051
1 0.925 0.34868421052631576 0.15 0.20789473684210527
0 0.7828125 0.7026315789473684 0.0984375 0.12631578947368421
0 0.853125 0.7486842105263158 0.1828125 0.12631578947368421
0 0.5265625 0.5263157894736842 0.0703125 0.10263157894736842
0 0.565625 0.5881578947368421 0.08125 0.10526315789473684
0 0.490625 0.6131578947368421 0.0875 0.05526315789473684
0 0.54609375 0.6552631578947369 0.053125 0.08157894736842106
3 0.90234375 0.4723684210526316 0.09375 0.12894736842105264
3 0.6484375 0.41973684210526313 0.0765625 0.11315789473684211
3 0.3609375 0.4407894736842105 0.08125 0.15