1 0.1125 0.24736842105263157 0.0859375 0.12105263157894737
1 0.2203125 0.2855263157894737 0.19375 0.19473684210526315
1 0.5484375 0.3078947368421053 0.109375 0.15263157894736842
1 0.79453125 0.32105263157894737 0.146875 0.2026315789473684
3 0.7671875 0.41578947368421054 0.0875 0.14210526315789473
3 0.53203125 0.38552631578947366 0.0796875 0.10789473684210527
3 0.2453125 0.40657894736842104 0.0796875 0.18421052631578946
0 0.4015625 0.5289473684210526 0.059375 0.0868421052631579
0 0.44609375 0.5631578947368421 0.0796875 0.07894736842105263
0 0.55546875 0.6342105263157894 0.1109375 0.13421052631578947
0 0.721875 0.6947368421052632 0.146875 0.1368421052631579
0 0.446875 0.6236842105263158 0.09375 0.11052631578947368