1 0.2953125 0.3013157894736842 0.109375 0.13421052631578947
1 0.42109375 0.32105263157894737 0.1734375 0.18947368421052632
1 0.75 0.3513157894736842 0.128125 0.15263157894736842
1 0.97734375 0.3447368421052632 0.0453125 0.13421052631578947
0 0.85078125 0.7894736842105263 0.171875 0.12105263157894737
0 0.821875 0.7131578947368421 0.109375 0.09736842105263158
0 0.565625 0.5763157894736842 0.059375 0.08157894736842106
0 0.64765625 0.6197368421052631 0.071875 0.10263157894736842
0 0.6625 0.7052631578947368 0.0875 0.09473684210526316
3 0.7296875 0.4473684210526316 0.09375 0.11578947368421053
3 0.9734375 0.4921052631578947 0.053125 0.12631578947368421
3 0.4515625 0.46578947368421053 0.078125 0.13421052631578947