1 0.24453125 0.3368421052631579 0.06875 0.10263157894736842
1 0.359375 0.5171052631578947 0.05 0.08947368421052632
1 0.47421875 0.4368421052631579 0.05 0.07894736842105263
1 0.48828125 0.5842105263157895 0.1 0.16578947368421051
1 0.6390625 0.531578947368421 0.0984375 0.15
4 0.38984375 0.8368421052631579 0.0375 0.05263157894736842
4 0.3828125 0.7302631578947368 0.0390625 0.05789473684210526
4 0.4109375 0.7210526315789474 0.034375 0.06315789473684211
4 0.259375 0.6644736842105263 0.0625 0.07631578947368421
4 0.31171875 0.6644736842105263 0.05 0.05526315789473684
6 0.246875 0.39473684210526316 0.0484375 0.08421052631578947
3 0.3625 0.5618421052631579 0.04375 0.07631578947368421
6 0.4765625 0.48289473684210527 0.0453125 0.04736842105263158