1 0.240625 0.16447368421052633 0.1171875 0.11842105263157894
1 0.325 0.15921052631578947 0.071875 0.06315789473684211
1 0.4140625 0.19342105263157894 0.0515625 0.06578947368421052
1 0.35859375 0.2657894736842105 0.053125 0.07105263157894737
1 0.4296875 0.2789473684210526 0.0375 0.07105263157894737
1 0.51640625 0.225 0.071875 0.07894736842105263
1 0.4640625 0.21842105263157896 0.0515625 0.07105263157894737
5 0.58203125 0.1013157894736842 0.1109375 0.14473684210526316
6 0.58828125 0.25394736842105264 0.0984375 0.10789473684210527
6 0.51953125 0.34342105263157896 0.0796875 0.08421052631578947
6 0.4671875 0.3092105263157895 0.0375 0.07105263157894737
6 0.4296875 0.33157894736842103 0.0390625 0.060526315789473685
6 0.246875 0.28421052631578947 0.0828125 0.1368421052631579
6 0.3125 0.2736842105263158 0.06875 0.11842105263157894
6 0.3546875 0.3394736842105263 0.0578125 0.10789473684210527
4 0.23046875 0.5342105263157895 0.090625 0.1631578947368421
4 0.3546875 0.525 0.06875 0.12368421052631579
4 0.35234375 0.6947368421052632 0.071875 0.10526315789473684
4 0.4 0.38421052631578945 0.0453125 0.11052631578947368
4 0.44921875 0.4131578947368421 0.05625 0.10263157894736842
4 0.4234375 0.4921052631578947 0.0640625 0.09210526315789473
4 0.4546875 0.8776315789473684 0.103125 0.18421052631578946