1 0.3484375 0.3368421052631579 0.0828125 0.1394736842105263
1 0.5234375 0.32763157894736844 0.0734375 0.11578947368421053
1 0.8890625 0.2986842105263158 0.10625 0.15
1 0.40546875 0.3144736842105263 0.034375 0.07105263157894737
1 0.171875 0.28289473684210525 0.0390625 0.07631578947368421
1 0.2203125 0.2894736842105263 0.028125 0.05526315789473684
1 0.96328125 0.33026315789473687 0.0296875 0.03684210526315789
6 0.88984375 0.4118421052631579 0.084375 0.07368421052631578
6 0.52734375 0.3960526315789474 0.059375 0.07105263157894737
6 0.359375 0.4328947368421053 0.071875 0.06315789473684211
6 0.4 0.3223684210526316 0.028125 0.05263157894736842
6 0.18046875 0.29605263157894735 0.0265625 0.04736842105263158
6 0.22421875 0.3092105263157895 0.0296875 0.039473684210526314
0 0.27734375 0.6868421052631579 0.0578125 0.09736842105263158
0 0.44375 0.6302631578947369 0.0359375 0.06578947368421052
0 0.534375 0.7289473684210527 0.08125 0.11052631578947368
0 0.575 0.6078947368421053 0.0609375 0.10263157894736842
0 0.809375 0.6618421052631579 0.0828125 0.13421052631578947
0 0.9578125 0.6828947368421052 0.0671875 0.15789473684210525
0 0.2109375 0.37236842105263157 0.0375 0.05789473684210526
0 0.25625 0.3684210526315789 0.025 0.06315789473684211