1 0.2484375 0.2881578947368421 0.1671875 0.2
1 0.57578125 0.3 0.10625 0.16052631578947368
1 0.828125 0.3263157894736842 0.1625 0.21052631578947367
0 0.75234375 0.7078947368421052 0.1609375 0.14473684210526316
0 0.58203125 0.631578947368421 0.1140625 0.14473684210526316
0 0.38046875 0.5394736842105263 0.05 0.05789473684210526
0 0.48515625 0.5671052631578948 0.084375 0.08947368421052632
0 0.47578125 0.6381578947368421 0.109375 0.10263157894736842
0 0.4 0.5947368421052631 0.0828125 0.04736842105263158
3 0.80625 0.4394736842105263 0.1015625 0.11842105263157894
3 0.56640625 0.3973684210526316 0.071875 0.09210526315789473
3 0.2765625 0.4236842105263158 0.103125 0.16842105263157894