1 0.4432797619047619 0.17975 0.22253571428571428 0.25632142857142853
1 0.3450892857142857 0.3013035714285714 0.13329761904761905 0.18396428571428572
1 0.21713095238095237 0.3871517857142857 0.175 0.2068392857142857
1 0.07628571428571429 0.6293035714285715 0.15257142857142858 0.2744821428571429
1 0.4465892857142857 0.6402053571428571 0.17360119047619046 0.21295535714285713
1 0.6314107142857143 0.6620446428571428 0.15832738095238097 0.24473214285714287
1 0.7186964285714286 0.34944642857142855 0.18210119047619047 0.27429464285714283
1 0.6013273809523809 0.4268392857142857 0.1259345238095238 0.16716964285714284
1 0.493875 0.4337857142857143 0.08166666666666667 0.1929732142857143
3 0.06802380952380953 0.7890535714285715 0.11091071428571429 0.14159821428571429
3 0.22539880952380953 0.46851785714285715 0.11614880952380952 0.1314732142857143
3 0.35666071428571433 0.4288125 0.09692261904761905 0.12350892857142859
3 0.3140178571428571 0.6506160714285715 0.06321428571428572 0.1564017857142857
3 0.4135357142857143 0.7920267857142858 0.08367857142857144 0.12374107142857144
3 0.6975416666666666 0.7910357142857143 0.11598214285714285 0.12175892857142857
3 0.7560654761904763 0.47147321428571426 0.08885119047619049 0.11363392857142857
3 0.6089345238095238 0.5022410714285714 0.1107202380952381 0.08387499999999999
3 0.5051190476190476 0.5280535714285713 0.0724047619047619 0.0957857142857143
3 0.4436190476190476 0.27053571428571427 0.10020238095238096 0.12241071428571428
3 0.37749404761904765 0.43825 0.11080357142857143 0.13641071428571427